3.574653081221617484e-02 1.165829582029707989e+00
3.381856503511706386e-02 1.144160313118458339e+00
2.703220364523359689e-02 9.802572650288826628e-01
3.263403757232909153e-02 1.053657240507314574e+00
3.357305909953960804e-02 1.125355566831963250e+00
2.950521536940454645e-02 9.712755975636182537e-01
2.251757926543569016e-02 7.914109151659570740e-01
1.895251332313133488e-02 7.032323233479548241e-01
3.639685111826104075e-02 1.205669762547347368e+00
3.931755727357961333e-02 1.295893504473724755e+00
3.260420657614383766e-02 1.107344818771435424e+00
3.738087380203321264e-02 1.300289789342437885e+00
5.323235933858209284e-02 1.617123156763256908e+00
4.576092592420672595e-02 1.497481799861474228e+00
5.057339806260760517e-02 1.534214750782322723e+00
3.679485731786220903e-02 1.375271539651462982e+00
4.071782926721083384e-02 1.337818402070672485e+00
4.124302606179508501e-02 1.347143352288282303e+00
4.060451142007771158e-02 1.347591705720455613e+00
3.202497981384196113e-02 1.176384380262529783e+00
3.898467964543208403e-02 1.376433294194201462e+00
2.988774121058195704e-02 1.059339976312788645e+00
2.192978763779012893e-02 8.434750181849475226e-01
2.545588183087921577e-02 1.051258112595249594e+00
2.235477418571689759e-02 1.069554987375791022e+00
1.142458185702840447e-02 8.213420244079249199e-01
3.784683958642492269e-02 1.460738683351557654e+00
3.477828020813616972e-02 1.403032827634302482e+00
2.591944537311146809e-02 1.078628579156434286e+00
2.364155855035737427e-02 1.193676482375699344e+00
2.681440727406647628e-02 1.306405503620837294e+00
3.042099271052373446e-02 1.333459297824894030e+00
3.168513828897150802e-02 1.498641077995535920e+00
2.705907217488821501e-02 1.483606268838225439e+00
3.503363066217151517e-02 1.716352758389792621e+00
3.425650542506028517e-02 1.573124258523988406e+00
9.650247964549860114e-02 3.216032587467683168e+00
8.610853800870732488e-02 2.892434117660262594e+00
9.174642284497525058e-02 3.307052519546062275e+00
7.723646152445048929e-02 2.972355128972577809e+00
7.497938521920939625e-02 2.815132947306450362e+00
1.250043392631670913e-01 4.308082140191167753e+00
1.234146568180507497e-01 4.364054837939045584e+00
9.067888354459238687e-02 3.294425576318270821e+00
1.032595019537994735e-01 3.764804142587699243e+00
1.426290181203554719e-01 4.526255935309457357e+00
1.113254434061462655e-01 3.959080427631444188e+00
1.682059127053852632e-01 5.240462591864897490e+00
1.549947462388436559e-01 4.671365883283919551e+00
9.862795620916328665e-02 2.753141946516545868e+00
1.237958833856023372e-01 3.717486660739647952e+00
4.028065750514599197e-02 1.288456872171007461e+00
1.038894367246114836e-01 2.967672208995663308e+00
2.070466611381651945e-01 5.772539277613462083e+00
1.878470553152615519e-01 4.998844905751896661e+00
7.332492997606025742e-02 2.039018450103556646e+00
1.337219167197764569e-01 3.526695563937595423e+00
1.031576467868221547e-01 2.787659450704786046e+00
7.440161897378784472e-02 2.105093321320666622e+00
1.347383700034828491e-01 3.622763488989875658e+00
1.343625387442830277e-01 3.256498285585712527e+00
1.218099789115513337e-01 3.126922696261617229e+00
1.049850484539927437e-01 2.672769630324268064e+00
1.097711724359177882e-01 2.774408501390322357e+00
9.231102763675523570e-02 2.137197327545319769e+00
3.410936332876873811e-02 9.095394113007235770e-01
9.097699950216649178e-02 1.904395206431582332e+00
3.313488211207834405e-02 7.114624973354782833e-01
7.265203975415712723e-02 1.914479325602551629e+00
7.947000394374187371e-02 1.943360104085228413e+00
4.682229736568838813e-02 1.462829368703303379e+00
7.220087035852568169e-02 1.948226341666124739e+00
4.036509718256472978e-02 1.321592093482556907e+00
5.847210292899120143e-02 1.617633484775276020e+00
5.142892231328105579e-02 1.333131595628104238e+00
2.569868067308766005e-02 7.571265913654862123e-01
3.798587194006840251e-02 1.049149324333953359e+00
4.924094855789686725e-02 1.317439124511471826e+00
4.898304327627975990e-02 1.126055600074903795e+00
4.899731567840600460e-02 1.277686499870735570e+00
3.800635977347870814e-02 1.088741119420091774e+00
3.583738517675338908e-02 9.717316314835321434e-01
3.168348707626307548e-02 8.581650703063457009e-01
3.276399084902490572e-02 8.952010512784976948e-01
3.514278817884289308e-02 8.565803112164019906e-01
3.153739464780107998e-02 9.259291843346288964e-01
3.526488900771572454e-02 1.218510171283629484e+00
2.109746199924800170e-02 1.052866213881976654e+00
2.342006216040936478e-02 1.055101079579119805e+00
2.281012026398602718e-02 1.106542723667912176e+00
2.120582993406197603e-02 1.050131617238313053e+00
2.078577512177761169e-02 8.637401995267735000e-01
2.462061809274843083e-02 8.445172611404290208e-01
5.136693977342021017e-02 1.788283059043241474e+00
3.392293912260837402e-02 6.907755253372390714e-01
4.183942419507371419e-02 9.652978167943480070e-01
4.957773452346851684e-02 9.950850731217533163e-01
5.445589643917457534e-02 1.584287894216593440e+00
5.286781943163226805e-02 1.462895520526413140e+00
6.488621079030054695e-02 1.933237833081468571e+00
3.022637905760612934e-02 7.567893447207786339e-01
6.163206895829442811e-02 1.943625400530956338e+00
5.052085217767247199e-02 1.013306251720337947e+00
4.211727133499072739e-02 8.699905861217365199e-01
4.657843286959317819e-02 1.230812699078046357e+00
5.646417760908741673e-02 1.190107785028709397e+00
4.010925280643005963e-02 4.759750106486839716e-01
4.647898956856980762e-02 6.708686877025488160e-01
4.493823837155436901e-02 8.476588058393695890e-01
4.062040786751146965e-02 6.362344706817131268e-01
3.767061615405008917e-02 8.343727170050462272e-01
3.521180858169935257e-02 5.503588557668951387e-01
3.712598022362544048e-02 7.650532998606787149e-01
3.433280396088837089e-02 1.227300681719994735e+00
3.106450112710616024e-02 6.190377478892741259e-01
4.002870119181493880e-02 1.023979203295139806e+00
3.880717035975009277e-02 1.313971666120787862e+00
3.950447645596123769e-02 1.015536128999923182e+00
4.983101824448975259e-02 1.209326006517316587e+00
3.761780704656415147e-02 1.098721565501587838e+00
4.564547160194980940e-02 1.219072074475670231e+00
4.647990588282556457e-02 1.279674522197823849e+00
4.449713724044796620e-02 1.288912804842572424e+00
4.563145992208132024e-02 1.158614238383399497e+00
4.977245081674250282e-02 1.256824322669407579e+00
5.031121313744192636e-02 1.404387776624519413e+00
4.692757783826906337e-02 1.348358843654443140e+00
5.252593330544335498e-02 1.368026828306533105e+00
5.156770870524248623e-02 1.287440050872558528e+00
4.996049761932024047e-02 1.294583943086108357e+00
5.322982235910141136e-02 1.427541245152404326e+00
5.412046717493376041e-02 1.432963179619215710e+00
5.633525301158594928e-02 1.617375285512397953e+00
5.052595692915725495e-02 1.432533281959067706e+00
5.183945815814718777e-02 1.553941619642092986e+00
3.817293636469942103e-02 1.297278859153300656e+00
5.081695757105027939e-02 1.409233610654697211e+00
4.633304934745152703e-02 1.259924725170537441e+00
6.067297460559504391e-02 1.410946250480058506e+00
5.381703920805738089e-02 1.409298172651589187e+00
5.137901899252811377e-02 1.440174560730708597e+00
5.251699409796242723e-02 1.424512635036941699e+00
5.275389553719090491e-02 1.500769341438484172e+00
5.657944527786655520e-02 1.630751774300148949e+00
5.941962206903449173e-02 1.673508842641175276e+00
4.768177750207825555e-02 1.272763861416629005e+00
4.826526486612447986e-02 1.354419763946931976e+00
4.763369552742409418e-02 1.437453180440983358e+00
4.583626716994389921e-02 1.275887154393440248e+00
3.711832809584755116e-02 1.001321990911204329e+00
4.238193091732070372e-02 1.162599324164001802e+00
3.703326861245254120e-02 7.046627169746970676e-01
4.577151826930025980e-02 1.147052441581130289e+00
4.875486066419656983e-02 1.382771965652262125e+00
4.320576368027437969e-02 1.066717420345819622e+00
3.897863858078853827e-02 8.641219839089741006e-01
4.732484432627283993e-02 1.096686213885227801e+00
4.526403780138562455e-02 9.098128908456871722e-01
4.672766865226865574e-02 1.289002780514084456e+00
4.195848682740380836e-02 9.401484464772156269e-01
5.490321922154884487e-02 1.455999712446167660e+00
4.685461856466661967e-02 1.041703162071431210e+00
5.808866465584191369e-02 1.542816059477662982e+00
6.530792012100222754e-02 1.852279737484135547e+00
6.836526967416567402e-02 1.876901750028960647e+00
5.943611581891611317e-02 1.555844355495992204e+00
6.445102155002484234e-02 1.702304181933220528e+00
6.947436185623366567e-02 1.899643673591865367e+00
7.423546292309335382e-02 2.100315013662499286e+00
7.355024707977848852e-02 2.052721375673398629e+00
7.116387549085749498e-02 2.034129011389548936e+00
7.038955138432688441e-02 2.022069166897891179e+00
7.053935330130019221e-02 2.009448034299365027e+00
7.395843307854430004e-02 2.218674111382691994e+00
7.670719314700950864e-02 2.402624963618933407e+00
7.112193516280834737e-02 2.082393669452681007e+00
7.764449343387946900e-02 2.318718763644580960e+00
8.335665239024424300e-02 2.530433674463922866e+00
8.480895519937518834e-02 2.507946484932229048e+00
8.457428865119612227e-02 2.497536563225001505e+00
8.930772419478127944e-02 2.678747805346514799e+00
9.819105930298878404e-02 2.970220456758446925e+00
9.863665610820919472e-02 2.861455231804044708e+00
9.771710080171297497e-02 2.866732405296194219e+00
9.944436405011981839e-02 2.875132153579402772e+00
9.867557109631025503e-02 2.771257932647112288e+00
1.034374875057862964e-01 2.880723999197636775e+00
1.002496947817115847e-01 2.882069400607557785e+00
9.803698080209571897e-02 2.784457609816761270e+00
9.121204834425200580e-02 2.544643210132404576e+00
8.654192021931779444e-02 2.468031340925863848e+00
8.439146614697874693e-02 2.461914788354359729e+00
8.499928650066124192e-02 2.453271205794421039e+00
8.099674283963996524e-02 2.336390478242285074e+00
7.791144868511271082e-02 2.173127999440548574e+00
7.646750986374324655e-02 2.162145683725903655e+00
7.588726322347374986e-02 2.120259413847561003e+00
7.012546401641732430e-02 1.902831286563728241e+00
7.495941635152263138e-02 1.999267001113055997e+00
6.858601422835014505e-02 1.782614576558589903e+00
6.067549078278700742e-02 1.600800883877784297e+00
6.673102330720712128e-02 1.809833341164337694e+00
6.786904195828299957e-02 1.898110899198825363e+00
5.638596043678886088e-02 1.591622830294578517e+00
5.752530300134658936e-02 1.667389031713589098e+00
5.346681141802801795e-02 1.546164356414942764e+00
5.324588295661222132e-02 1.616392767424722487e+00
5.003233751197757456e-02 1.489004992366598001e+00
5.699458635994576056e-02 1.753060814926227451e+00
5.138867262593784652e-02 1.631064272102118906e+00
5.041232723015964812e-02 1.232576407621331693e+00
3.442608707669396473e-02 9.748708492289462901e-01
3.422187623880597329e-02 1.092036181192651334e+00
3.541128883403182187e-02 1.042196359205525225e+00
3.668943193745778653e-02 1.138836642067229565e+00
3.105328968146022633e-02 9.641383395521045951e-01
3.514960543892603484e-02 1.136865848813422897e+00
3.086682238878410076e-02 7.263814603780198720e-01
3.664080122341706325e-02 9.703180694610895607e-01
2.454876895774080886e-02 5.698311074931439180e-01
3.214160660964650307e-02 1.182019518886361809e+00
5.568958452147022842e-02 1.975618668032389724e+00
2.629100223670413627e-02 8.358526135404166224e-01
2.692083756950838444e-02 9.523427944212868868e-01
2.775120948405226592e-02 1.180845562343625588e+00
3.568059479695231268e-02 1.293512980180252736e+00
4.457411433730811001e-02 1.895951500092545317e+00
1.519126847638142819e-01 5.421099997650082436e+00
2.317250186929018657e-02 1.016976932993121308e+00
4.961669322006851540e-02 1.830499065372027889e+00
1.542649399459000183e-02 1.280273376911029048e+00
3.396888105954362636e-01 3.135743693399845267e+00
3.163084991736347940e-01 2.521051443981915163e+00
3.402192259411391251e-01 2.947602138142547012e+00
3.152597084055204224e-01 2.017146990529914863e+00
3.431470505883092992e-01 3.209687343290740014e+00
3.320891706840393143e-01 3.703099076901851916e+00
3.320858187961162056e-01 2.730748831147189470e+00
1.076801134811172650e-01 2.864126263907593284e+00
4.247905120376933574e-01 7.173019627124093134e+00
6.636334100498700317e-02 2.038712742346829643e+00
8.995335981730402664e-02 2.826792788076427865e+00
3.145142162183696688e-01 7.810616295606577886e+00
2.376765266979090907e-01 8.832519492567802999e+00
5.313732581270901312e-01 1.151293370134508898e+01
2.584664158249048715e-01 6.398428686928171238e+00
2.522192122635025791e-01 6.597118819310559878e+00
6.816546154601778040e-01 1.881842329837141037e+01
7.166436366206436759e-01 1.914884355684544559e+01
2.478535921983919532e-01 5.076555187631814903e+00
2.001963338067557635e-02 7.726349509219285761e-01
3.979717761769251821e-02 1.428538596501885083e+00
3.147675658865805443e-02 1.071324217699949788e+00
3.044059544890909477e-02 1.113946318068720354e+00
1.584797628292469035e-02 7.543676343449636779e-01
3.232662099146930285e-02 1.151652048637035186e+00
1.611290849336357439e-02 5.296143209709389676e-01
1.491130645079523538e-02 5.255050539685374167e-01
1.849804605260131976e-02 7.041587007669892762e-01
1.002759736963361459e-02 3.603571004293781854e-01
1.050054920056455073e-02 2.255506306788625237e-01
1.295334819259228235e-02 3.234904418598384401e-01
6.066718924307823446e-03 3.911217698048048419e-01
1.661764758685037660e-02 4.915941423539761379e-01
2.739463635067374350e-02 6.071995671861143418e-01
2.755091210267727672e-02 8.977229026824566915e-01
3.289902675347189387e-02 8.899936372087404735e-01
2.995627966077021864e-02 8.310768965064453395e-01
3.704653891432469620e-02 1.018739421358375807e+00
3.878762599048405507e-02 1.140165271374298683e+00
4.251487024740807641e-02 1.085168353351062764e+00
3.975208744535520256e-02 1.074745463384450206e+00
5.032912503359113221e-02 1.266571230706168949e+00
5.054329108201756349e-02 1.290206238216279111e+00
5.215733426089192576e-02 1.260652217695519717e+00
4.316420719063514266e-02 1.020113380547361226e+00
1.982462250579710913e-02 8.929158183645455882e-01
8.181198303316481943e-03 3.660361195847339211e-01
2.518541496026374671e-02 5.232990697098268695e-01
2.023932003112969072e-02 4.747451934328521528e-01
2.888396746778637211e-02 7.781446368391975454e-01
3.685016818489205565e-02 9.212830337869835073e-01
4.521985159085819411e-02 1.028765916588385121e+00
4.419052947476722476e-02 1.090144037906242813e+00
3.960646227868851177e-02 9.634168472159672092e-01
4.764588906516379480e-02 1.074545125913729304e+00
4.681355221443950915e-02 1.154358362348497202e+00
5.239636180239941321e-02 1.283704707366024378e+00
6.024759074586112650e-02 1.390135753532712348e+00
5.823196167237520982e-02 1.300723467853014403e+00
6.291357467558955641e-02 1.444779531247920801e+00
5.325131873221347623e-02 1.163298603478325921e+00
2.984851718542672755e-02 6.432722816202010030e-01
6.054279503765782472e-02 1.377463471538635797e+00
4.447009644024692981e-02 1.023783471673448187e+00
5.154526160382844058e-02 1.131580678284712649e+00
5.335604791223808735e-02 1.157398139767332745e+00
5.742721385807728757e-02 1.324181107329939211e+00
5.033659874138447093e-02 1.077747883687609098e+00
3.547928363437056337e-02 7.178491807439627559e-01
4.601679705839076956e-02 9.300087234859826246e-01
3.386371206177662269e-02 6.776037494318712939e-01
4.895327065330553479e-02 1.107471991495736940e+00
4.872425190228454189e-02 9.844421051129694789e-01
4.892193611127537700e-02 1.048191674704527454e+00
4.843329862727124152e-02 1.206235293032227318e+00
5.031259638473382229e-02 1.049843238825610481e+00
5.211690730147112288e-02 1.116355426895158987e+00
4.014383484814890851e-02 8.286346591882562951e-01
3.376686507126676340e-02 7.012528620602821450e-01
4.500369453391976637e-02 9.388658356449961495e-01
3.054820431901695069e-02 6.782122630599743962e-01
3.295737899876742538e-02 6.916016562078309837e-01
3.300884378622194470e-02 6.646474023822196431e-01
3.603433284975510187e-02 8.208573445854013828e-01
3.649856978735292051e-02 9.881064611491582328e-01
3.891928683492337088e-02 9.528205125449242807e-01
2.604719262520354198e-02 7.916041104385462823e-01
3.356633428867829977e-02 8.344121476190065056e-01
3.316361684489024797e-02 8.585478871604845796e-01
2.787539123169929453e-02 7.687482613201820358e-01
3.040068747682700412e-02 8.322540015505571764e-01
2.304546777705725538e-02 7.662213269076078026e-01
2.582708879332550403e-02 6.868220996554355029e-01
3.681783553384084667e-02 8.428152263436362590e-01
3.399938567553758423e-02 7.634092821230987758e-01
3.243439829494904059e-02 6.294203591779462537e-01
3.617303997816311706e-02 7.190505877283815961e-01
3.402876098731873883e-02 6.747559938449478878e-01
4.152667771753854042e-02 8.702274999219473672e-01
3.752198392608774996e-02 7.887031933159081021e-01
4.594697957316041387e-02 9.971981797832638605e-01
4.542596202350344947e-02 9.330513496193041378e-01
4.220033334574891520e-02 8.618037641529228132e-01
4.595317073562618648e-02 9.319423246292443119e-01
4.415652346603511635e-02 4.876249157117121258e-01
4.817349762439741140e-02 1.002333069592589165e+00
4.260892693547062987e-02 8.818707108411965034e-01
4.797722150688833731e-02 9.559913013815785066e-01
4.311723152437614559e-02 7.475679414742768536e-01
5.132914564191080886e-02 9.606203433851790985e-01
4.172857526636612746e-02 6.971392116404396821e-01
3.977875172813703092e-02 6.767491616363930929e-01
4.376274187040622016e-02 7.549344027894567821e-01
4.865621350757801111e-02 9.578176588666094116e-01
4.606187485077790217e-02 9.106062768565902354e-01
4.405122251988340815e-02 7.952234209472196502e-01
4.124428289692480543e-02 7.034504602889924962e-01
4.306114509550353769e-02 8.225936301643655968e-01
3.802587300501175660e-02 6.604469634804757128e-01
4.245607918404954023e-02 8.003965102141020749e-01
3.812375830918657976e-02 6.880045914500845239e-01
3.518123592341286521e-02 3.498382335613297589e-01
4.299686139268880242e-02 7.415009606450712054e-01
4.024156804223941175e-02 5.966382593645781496e-01
3.272822091505075276e-02 5.458065131977621887e-01
4.039638360458454314e-02 7.466303589535510099e-01
3.772461318435419569e-02 6.422511896089937444e-01
4.309859048852560798e-02 7.186213578129589941e-01
3.837493904946139706e-02 5.898737091009738087e-01
4.413847588852956583e-02 8.263155128281983730e-01
4.151303477511745360e-02 8.216844768059283766e-01
3.239683802719358491e-02 6.676949180198427092e-01
3.884681640141050135e-02 7.448976848844465204e-01
4.088849052167616016e-02 9.106212354271771003e-01
3.615572375298535535e-02 7.777445765096265839e-01
3.824702405546626799e-02 7.886387625379214228e-01
3.786353744995314685e-02 7.375133655553802736e-01
3.951979794028797482e-02 8.316596685712792647e-01
3.400036771692883930e-02 6.788403208652856735e-01
3.622278222372984913e-02 7.055808505724072699e-01
3.674634337786607946e-02 7.690428702511605819e-01
2.914118581701601388e-02 5.115632579417043191e-01
3.232469995010343183e-02 5.814778319978969323e-01
2.983456439806275035e-02 5.144872877108785936e-01
3.459121081561322003e-02 6.537826342476485975e-01
4.085664976418815209e-02 8.245700269175647579e-01
4.015991786991055662e-02 7.231109591275839410e-01
3.620503792523305231e-02 6.387401353112240887e-01
4.239716863540268083e-02 8.522648734844321394e-01
3.376022097710218439e-02 6.059634685581928304e-01
3.900914829997959715e-02 6.562542380968371392e-01
3.097416758552228380e-02 4.431273388118639467e-01
3.381226632935491194e-02 3.790423910172437960e-01
3.484014789055392414e-02 4.488628910186521215e-01
3.966509653061337654e-02 5.305663187348030885e-01
3.557411397060391417e-02 3.987213172448439980e-01
4.594390207916896479e-02 1.046668771540030685e+00
3.727528467845426380e-02 8.815889426463482392e-01
3.024789992643303962e-02 5.135764863846364880e-01
2.602910638674406016e-02 4.666087722765000501e-01
2.347928168600203758e-02 4.357380878571644467e-01
2.845161152806803886e-02 6.694976637588819779e-01
1.363153613569463747e-02 3.698247617476670412e-01
1.934240189712231259e-02 5.297161180818432680e-01
1.473218007180476449e-02 5.361419238229445661e-01
6.641990206543613336e-03 4.027938271578017648e-01
3.385392203326367117e-03 2.596414494288135644e-01
8.442540820824245493e-03 3.672720582760443664e-01
6.496933804204154533e-03 3.783769636087432886e-01
3.750578601197145524e-03 2.781220342188776007e-01
8.175762208739988449e-03 4.148023357260252619e-01
6.176290393155052863e-03 3.621709328820625351e-01
2.850670206673141735e-02 1.097533650041784270e+00
7.654190168486179821e-03 4.726677312039064827e-01
1.542466307260047763e-02 6.324294684822850954e-01
7.727499876061979557e-03 2.448343332784282955e-01
3.259803625825584417e-02 1.002384770244594048e+00
3.473068739815766276e-02 6.531409352209818220e-01
2.776715223176635938e-02 8.979145632421209333e-01
3.116654812682406739e-02 9.630868468744039346e-01
4.578456226311109628e-02 1.386284747876095791e+00
4.310361563055963019e-02 1.379226131956572177e+00
5.076635548815766619e-02 1.570775680176504707e+00
5.406421090499544113e-02 1.511060651982314651e+00
4.375982993159906881e-02 1.280475515286803923e+00
4.929367175961253678e-02 1.979028361023353222e+00
5.121896817273182551e-02 1.498962376346251180e+00
5.458701932210023589e-02 1.615386852639792092e+00
4.702675034569384072e-02 1.330568107606169503e+00
4.279931092088708200e-02 1.239440876251659107e+00
4.929934897080753137e-02 1.395012639600432092e+00
4.467685550313484771e-02 1.301707694843026619e+00
4.617643852746586980e-02 1.278939195370274673e+00
4.096408037345323355e-02 1.140494239214949967e+00
4.260897896142815111e-02 1.242068273262920908e+00
3.717836696619296333e-02 1.101239539307918625e+00
4.487358301554537909e-02 1.177937602189878197e+00
4.365505073639192740e-02 1.230976544489997160e+00
4.346269745420121983e-02 1.271575743592587848e+00
4.760274340947207722e-02 1.432098979928936533e+00
4.320327137934264206e-02 1.238519798013996587e+00
4.755112761082321005e-02 1.407690942010531909e+00
4.568443201142995819e-02 1.300542454771397516e+00
4.554793682860586168e-02 1.385448831197156672e+00
4.527621477114829318e-02 1.427864645328512427e+00
5.027784823735802211e-02 1.369104779124894478e+00
4.711596020163580367e-02 1.356190795393126480e+00
5.610105397550135126e-02 1.739384153679088163e+00
4.614398526004416523e-02 1.476009229357224894e+00
4.816728069473264623e-02 1.441986533625926992e+00
5.277460677922615057e-02 1.562281266777965749e+00
5.044722782855097509e-02 1.478051208574326703e+00
5.223837910682012364e-02 1.587232480933788770e+00
5.270939967448382002e-02 1.620210375119855772e+00
5.231542810127733784e-02 1.541824970316910681e+00
4.881404295338155619e-02 1.493449155060007749e+00
4.595279653636053646e-02 1.404525665387136746e+00
4.278877193867503675e-02 1.314560083641524546e+00
4.888336568384332725e-02 1.532382570052051252e+00
4.968835712809899219e-02 1.520644024206240896e+00
5.094030354864554494e-02 1.615054663401281898e+00
4.958932045682524353e-02 1.563384857713369103e+00
5.377662707372529022e-02 1.658732315608761887e+00
5.458341973676870268e-02 1.732267970146370795e+00
5.261258518724271777e-02 1.647367735341138006e+00
5.203891828871927416e-02 1.592817892200598884e+00
5.022274060146037639e-02 1.570590302689338191e+00
4.411097949128727630e-02 1.429938259358477071e+00
5.089703669617076653e-02 1.666962747876136186e+00
5.457494927648806615e-02 1.733789966729014864e+00
5.438485858289972275e-02 1.750054463202417754e+00
4.817772117109847541e-02 1.580658857400306427e+00
5.692182235908001264e-02 1.845229452289933292e+00
5.447402062170287468e-02 1.761637739790932411e+00
5.150140110668229021e-02 1.681780019881588650e+00
5.489074516705955142e-02 1.789884475883073645e+00
5.312544506763490493e-02 1.764729435050235606e+00
5.128982297675006158e-02 1.703367980744436849e+00
4.872890971068038340e-02 1.589074679389989475e+00
4.705400587311239086e-02 1.538223515231556870e+00
4.824018594042681074e-02 1.558454243237475279e+00
4.587155011689141026e-02 1.475327484620997831e+00
4.911091186712850110e-02 1.617692125161924954e+00
5.205437919798322488e-02 1.708085845833763106e+00
4.854525641902428246e-02 1.581858642969131035e+00
4.411361082247196308e-02 1.421511441290902233e+00
4.923045875140206334e-02 1.569119717391546320e+00
5.178165042212430624e-02 1.676873407900451474e+00
5.245235357109689911e-02 1.742434308637225815e+00
4.557848081717910671e-02 1.542777791979710988e+00
5.339988818187847014e-02 1.749682461394916677e+00
4.535125988405154518e-02 1.499102682864726033e+00
5.091228935279305118e-02 1.699160009340177302e+00
5.950660644981785319e-02 1.973409119488166885e+00
5.788945932596311489e-02 1.921063325041423742e+00
4.594310455935993187e-02 1.511711340601890274e+00
4.788417193717106612e-02 1.553474445333062892e+00
4.242388475208080933e-02 1.333367920836437515e+00
3.751218427791513238e-02 1.220070661365328935e+00
4.803111217652302617e-02 1.641767053018107880e+00
5.788729045772959825e-02 2.038820881805169183e+00
5.256854554162389281e-02 1.824502244308719323e+00
5.149017458209412951e-02 1.743291788038536128e+00
5.083350096115420852e-02 1.770073092936665260e+00
5.030315063141226062e-02 1.693096012234835968e+00
5.223159449070720328e-02 1.736645870266942282e+00
5.450942385973713000e-02 1.806962539884543917e+00
5.120832076629229512e-02 1.740831810338853591e+00
5.059758876216390033e-02 1.713666213081856293e+00
