3.584157611486708805e-02 7.076718694803354470e-01
3.889310802376100273e-02 8.493093797783831667e-01
4.102358562344039089e-02 8.212987708491299443e-01
4.042118248914509937e-02 8.431354031487641176e-01
3.941068383346928161e-02 8.094945980214084402e-01
3.757512827788601212e-02 7.716256849967515485e-01
3.604616865991710356e-02 7.477466721999406207e-01
3.396679285837746892e-02 7.190157982523780467e-01
4.016615365486377043e-02 8.276554672842820759e-01
4.179856485218402806e-02 8.833017726995376906e-01
3.524882855458712216e-02 7.156761575588864721e-01
3.957323879622660912e-02 7.781296850645781360e-01
3.588129526488457316e-02 7.318399159996535897e-01
3.495361386880771470e-02 6.559310735697481132e-01
3.984079459022357023e-02 7.366950418113887844e-01
3.951746262472694698e-02 7.555360867207261411e-01
4.177642959764145403e-02 7.240102207656786693e-01
4.592716796180873473e-02 8.521347591163946911e-01
4.134553919205576078e-02 7.806833073222458896e-01
3.537879594217777091e-02 5.900922699468256205e-01
3.518366898799612369e-02 5.205934249840429295e-01
3.956025510930254868e-02 5.116811990163359081e-01
3.679058862332750673e-02 6.596061484316994017e-01
3.641721762313116645e-02 8.565068801513276986e-01
3.367059041222812688e-02 8.622824818192503793e-01
3.345482650803814628e-02 7.783647792156254130e-01
2.762044455427071360e-02 4.891199997586452297e-01
5.143853913833525138e-02 8.149367589139328016e-01
4.359630517305872199e-02 6.478911969248878355e-01
4.414675832659977622e-02 4.936897467114566562e-01
4.598912936456457656e-02 6.407032263466391209e-01
3.634109623405420986e-02 4.206367486177065573e-01
3.118790103479786302e-02 3.899603220516760782e-01
2.871741069399600527e-02 5.002260102018256660e-01
2.999580471086918734e-02 4.556039054618729600e-01
7.842135536505942181e-03 3.683710012175797077e-01
7.438634556057174656e-03 2.619585875135345132e-01
8.454810248016380106e-03 2.273847237597825255e-01
6.757268845951348336e-03 1.594104287246778939e-01
7.529292683979950732e-03 1.964106198345833276e-01
1.394688578325830111e-02 3.209483656455474621e-01
1.016040531298760541e-02 1.583037507174596958e-01
7.411797756344974848e-03 1.184972724082676010e-01
1.137486252090016449e-02 3.443180709596389000e-01
7.539529004116104702e-03 1.111351353441898254e-01
8.859046245704169445e-03 5.789645882848654806e-02
1.666949287939784377e-02 3.350049114607480116e-01
9.446513248397837154e-03 1.321468788424388641e-01
1.901189094314080594e-03 1.190009659126219227e-01
8.856979369451749642e-03 5.985295310975750210e-02
1.197359251981056083e-02 2.518971780850524089e-01
1.048820173920147689e-02 2.055586460433726781e-01
1.150589246491343608e-02 2.530956621615541025e-01
1.304634954290129212e-02 2.616658398874951441e-01
1.226298684200617141e-02 2.347872591543149479e-01
1.148737494619327809e-02 2.667128950002898291e-01
1.674235623290861244e-02 2.790435289658845797e-01
8.371805720155047967e-03 1.462322555739137275e-01
1.721585180466542880e-02 3.840581606838370798e-01
2.808322833783565703e-02 5.357325633118996677e-01
1.289955727111802807e-02 2.244198182534470898e-01
1.605090264812736311e-02 2.491942088105475461e-01
1.841648880305763944e-02 3.478742006200718495e-01
1.537387335830598008e-02 2.529400444904972844e-01
1.882856234037328866e-02 3.301572627384740111e-01
6.757508915065594222e-03 1.066535856957627898e-01
1.326298859481177782e-02 2.088545398507112294e-01
8.211244732590305614e-03 1.123816094293439427e-01
4.693971162580467225e-03 2.391912502073891000e-01
5.324804268908471701e-03 2.900136137758547727e-01
1.264880276665730253e-02 6.029204192145308783e-01
4.747845567862004484e-03 3.713358808161894009e-01
1.630764607413925189e-03 3.387137755281210416e-01
3.667494230866086107e-03 3.908513315324945725e-01
7.940050219617503582e-03 3.833415392933392507e-01
4.377256115215989035e-03 4.245386492112248611e-01
7.793884178468089320e-03 4.664866819431218170e-01
5.635390361461355309e-03 4.071215645700396180e-01
5.813458947993135027e-03 3.748130027183390611e-01
1.162237578440937849e-02 5.620306732456419319e-01
1.397999833433200001e-02 5.981812676183682065e-01
1.321555897560591775e-02 5.622818690990467605e-01
1.418066815810637565e-02 5.090843317971451842e-01
2.106094665285563813e-02 6.679051399897911745e-01
1.238537948968844275e-02 5.000361670719428719e-01
6.122982456654855327e-03 3.850371387621698283e-01
1.142435083271419599e-02 5.662690837844410741e-01
1.575084176565253943e-02 6.728065699012850676e-01
1.797210372170093134e-02 6.319496608041859087e-01
2.247475516155462635e-02 7.422538810338907833e-01
2.416619779293177270e-02 7.633021296656090637e-01
2.337327462024505267e-02 8.225499313392293788e-01
1.966503686128198355e-02 6.985981245976525811e-01
1.233032130435681578e-02 6.407813938669592035e-01
2.415946905638286651e-02 7.393636541336913170e-01
2.400422234397955532e-02 6.899233104512676462e-01
2.387508169268017649e-02 7.542052525239987260e-01
1.883492299928397548e-02 6.396442646036567536e-01
2.359527554138148367e-02 7.532596920859401246e-01
2.338872488871317906e-02 7.102464671092963977e-01
2.062558265064093344e-02 6.392926098652492728e-01
2.357188661611351807e-02 7.036086009098415639e-01
1.961337532320466329e-02 6.470094649756090721e-01
2.026811703223270825e-02 5.767833200434620000e-01
1.660152829803969443e-02 5.449154062202259396e-01
2.081354830426360158e-02 6.039159586777177458e-01
1.806438005928218474e-02 6.313548075843881113e-01
1.331108597421415927e-02 5.555935443384728556e-01
1.285238666089793744e-02 5.574651481074418546e-01
1.988237774164553981e-02 6.025071238915058469e-01
1.132694304294087732e-02 6.038922374591392250e-01
1.546427600134081884e-02 5.284795366921333226e-01
1.535806437838186343e-02 5.177310303901062616e-01
1.768476779337081056e-02 6.030721678127559660e-01
1.567716647518948778e-02 5.553523046926530649e-01
1.858054992575659120e-02 5.801438697178169512e-01
1.893180899769153144e-02 5.515690246513027528e-01
1.908588662950935766e-02 6.672188079056700083e-01
2.225674407456564030e-02 7.040850496986980067e-01
2.291921688107199928e-02 7.413398902102428245e-01
2.829339174718733391e-02 9.210893196457553556e-01
2.597768346064957545e-02 8.462537453032143997e-01
2.001175123434476705e-02 6.754563046861968845e-01
2.002053637430952285e-02 6.592429454480025486e-01
1.650099400612900849e-02 6.654925231373547412e-01
1.906230102383962149e-02 5.840153752763667105e-01
1.626166919257693994e-02 5.787807525326931213e-01
1.385289312280231673e-02 4.070122098067927574e-01
1.811414886990357631e-02 5.377114148095524238e-01
2.050754965152112863e-02 5.932876631862791239e-01
2.053854942971031217e-02 6.525248345897394220e-01
1.791670651706309819e-02 6.419571922072745407e-01
1.995793366975330552e-02 5.974519956635466755e-01
2.168447710246265356e-02 6.464622642041760736e-01
2.104874688674035488e-02 7.201281371262159281e-01
2.591056198067366242e-02 6.787355488040053286e-01
2.520085597838987376e-02 6.151053889470419200e-01
2.512333741948941448e-02 7.038177152289494254e-01
1.416669877444649839e-02 3.462598283854125825e-01
2.455001431737912493e-02 6.149095294007770329e-01
1.869764349118540475e-02 4.823035530221697620e-01
2.783783806010691267e-02 6.968161698990973374e-01
2.402925576721136325e-02 6.123953501323224913e-01
1.938906271583103885e-02 4.393346605569075636e-01
1.492475344231621211e-02 2.869276324408869261e-01
1.443409844019845865e-02 3.922263727720157189e-01
1.407620493859346872e-02 3.706435095495803078e-01
1.546487385883225756e-02 5.539103793820218113e-01
2.064594583610820239e-02 6.983263215336661389e-01
1.962307428606849605e-02 5.505688396725381129e-01
3.091641608044258874e-02 9.668203210715999862e-01
2.417515180507220918e-02 8.078104091189100000e-01
1.903560574088900698e-02 6.362301954612271659e-01
2.349966328510094335e-02 8.103048760506394999e-01
1.712671047471734168e-02 7.104446318501957958e-01
2.359098611012974689e-02 8.233784616120750632e-01
2.179373424206979687e-02 6.823034183615226400e-01
2.218318595366869719e-02 7.846717466464638857e-01
2.200496826507577358e-02 7.688720292416074686e-01
1.561427862101063928e-02 6.368078467989022329e-01
2.306496040339869186e-02 8.884835122635641458e-01
2.336451005595426705e-02 1.070387407941085778e+00
1.593531577914308536e-02 1.167503457594059935e+00
2.239039878634108138e-02 9.020548224985996955e-01
1.506071106790069294e-02 6.746879427416804242e-01
2.785681843466306443e-02 1.099783387809787571e+00
2.051571960846671275e-02 6.812796646457555116e-01
2.574460982942346557e-02 9.674564400150041932e-01
2.588064053706995785e-02 6.373404766087624740e-01
2.265712332207441698e-02 5.667286660364581063e-01
2.888359859388721015e-02 7.429978289787256829e-01
3.205928173115062813e-02 8.976833880115552278e-01
3.610885852318419798e-02 1.023882047892999969e+00
2.295034272062758743e-02 7.728065582747930540e-01
3.024637050181495229e-02 7.899146721821751482e-01
3.230431354280918765e-02 1.019108202400415220e+00
2.620490717617846368e-02 6.680258744827101136e-01
2.175052080024059489e-02 6.084678574150307329e-01
2.835831640333884990e-02 6.907566790575138116e-01
3.194231893206767037e-02 1.003857374564335769e+00
2.623551822565879307e-02 1.080161763047067458e+00
2.702422259182421516e-02 1.099741671434426582e+00
4.084252205305546890e-02 1.681926847794646962e+00
7.206356531173102598e-02 2.803764582359123736e+00
8.253484061654316195e-02 2.971691551744046311e+00
8.509491850344573505e-02 3.150207413093221387e+00
8.585480741070562749e-02 2.911880776743082322e+00
7.547613615784377894e-02 2.471895469763234043e+00
8.104309012269458878e-02 1.911857146172795563e+00
7.231314279590554672e-02 1.771315700802304161e+00
8.193960745758729208e-03 3.707966339811141765e-01
2.302896565622431294e-02 7.733176029901559501e-01
2.541033054703228933e-02 8.333334462820755073e-01
3.145436441590386545e-02 8.720712302022594065e-01
3.172472792030443800e-02 8.441603966213396815e-01
3.609700256822430398e-02 9.666837700393396959e-01
4.211451850016063869e-02 1.028076727774683619e+00
3.809808145974776655e-02 8.103121413410225848e-01
4.125377553054445506e-02 9.512995769558809656e-01
3.870035328670919095e-02 8.815765400934286733e-01
3.544071661911080834e-02 7.801514035769829825e-01
3.127046771292837923e-02 7.742703937228906375e-01
3.868226647379199162e-02 7.122221701506775693e-01
3.614998025273741949e-02 7.408086429801277184e-01
3.941608684424509346e-02 7.658526836905619195e-01
3.661008515602983543e-02 7.539284665858865253e-01
1.687976545833511643e-01 3.387466109380949497e+00
1.577511361821653801e-01 3.135828662807217171e+00
1.894766889779739283e-01 3.550839141803359134e+00
1.535709421323492030e-01 3.297989599217729051e+00
1.721702406052847134e-01 3.727007307679712778e+00
1.544710435751861788e-01 3.384301705256867798e+00
1.603801540830103733e-01 3.505005018154859986e+00
1.590610073236220501e-01 3.523138075996750995e+00
1.665131238485458576e-01 3.722243326597979962e+00
1.636011091892768665e-01 3.720731095436495828e+00
1.787178072069115498e-01 4.025913102485272788e+00
1.683743147792888806e-01 3.843865856583720486e+00
1.665051818755372837e-01 3.839818101828960550e+00
1.897351033552240329e-01 4.493816315803374373e+00
1.853170386955686200e-01 4.433383504488646487e+00
1.919389868514854436e-01 4.556425501888262453e+00
1.869119192422667164e-01 4.457214560752066568e+00
1.982781088008170878e-01 4.802896685212400207e+00
1.959939974789910444e-01 4.743807606964567825e+00
1.988931062647370240e-01 4.786493551785009792e+00
1.977384718014756904e-01 4.804619536961290294e+00
1.917034462719677812e-01 4.658441102981851323e+00
2.076394407830837452e-01 5.011201881609237851e+00
2.008701323016505169e-01 4.825016065023045364e+00
1.989698936753266645e-01 4.810240820364289682e+00
1.982994247747817962e-01 4.775767647315800168e+00
1.914103811744595485e-01 4.626302576730108918e+00
2.010599512397843180e-01 4.841060948695248278e+00
1.882873981830435195e-01 4.580914506016271481e+00
1.567960622397731596e-01 4.034310570754004566e+00
1.647055767698986650e-01 4.088983412660863515e+00
1.649954179403828325e-01 4.140117055675986535e+00
1.486817435707418478e-01 3.752491322873241497e+00
1.632366646961769252e-01 4.007081729139134296e+00
1.486081688246603805e-01 3.687532946994596994e+00
1.703456891334416690e-01 4.066734971109499774e+00
1.601309850451550498e-01 3.845076266251205244e+00
1.628423056694722759e-01 3.887385481674597631e+00
1.729391047773834456e-01 4.100117560607873024e+00
1.691244032333560077e-01 3.960467043341451276e+00
1.579973533631753579e-01 3.732255257311856145e+00
1.646435759818082323e-01 3.867982519430951172e+00
1.635177072608202109e-01 3.814026428966249771e+00
1.701572208988895718e-01 3.998176948054730229e+00
1.747722501295913555e-01 4.046979611554391454e+00
1.684324974113386442e-01 3.913217102919834378e+00
1.573546501539908882e-01 3.714452229264692207e+00
1.526813756694601065e-01 3.575208946273130906e+00
1.405900058888667203e-01 3.326255463282234981e+00
1.156180188368251538e-01 2.797773389963239321e+00
1.207958817682956154e-01 2.962806138024538960e+00
1.787287834156595090e-02 4.603043403619264118e-01
1.471075915009556999e-02 4.190567001550029036e-01
1.812890354289244110e-02 4.802824596060847884e-01
8.819781772392114305e-03 3.881571158807097244e-01
1.512468007907221551e-02 6.988609950835441564e-01
8.470510125370582510e-03 4.629872157310351288e-01
8.867787435381352737e-03 4.193411618736762048e-01
7.423747402963571870e-03 5.007235739969082555e-01
1.237853726470238003e-02 4.630355280679350205e-01
1.369292301749732571e-02 5.045353503019285313e-01
1.999886292631410101e-02 4.388167956947219839e-01
2.062216626852306917e-02 5.928864172194115989e-01
2.178381792308745069e-02 6.191735747406215129e-01
1.423342485029125554e-02 3.534361043987944706e-01
1.807101595838129723e-02 4.019317243837046139e-01
1.441006115527050657e-02 4.114008467320877105e-01
1.573205850225440489e-02 3.745909165087553117e-01
2.387253913852411744e-02 4.830294413515857088e-01
3.255419885559541343e-02 2.501362994846211274e-01
2.644905653601453688e-02 4.147809601756990983e-01
4.269535941882411645e-02 6.962646251585924428e-01
3.307156648058791337e-02 4.753367339333017805e-01
3.736538040722158643e-02 5.447213125547689661e-01
4.508415746508466493e-02 6.590546097305165496e-01
5.383692249238061084e-02 8.230878842102767878e-01
5.321525313525216072e-02 8.262933024227770984e-01
6.025462429023265010e-02 1.016079847012592907e+00
6.429065835635998372e-02 1.146217754888839035e+00
6.728816615509708443e-02 1.161709487015703868e+00
6.111132139981066691e-02 1.082751964927637145e+00
6.708086758312867270e-02 1.197088060199571924e+00
5.971941805991782398e-02 9.879930074710312482e-01
7.100812976086329220e-02 1.276446494717610403e+00
6.486641835279023660e-02 1.170572029858144791e+00
6.462060868898068799e-02 1.208722084055564583e+00
6.311377676169151185e-02 1.183559380441534525e+00
5.691846010353190238e-02 1.110620067976794134e+00
6.080460462006653105e-02 1.204191890940800702e+00
5.193671319184003238e-02 8.623504984381327176e-01
6.492061947868188465e-02 1.286880879550718948e+00
4.443132736781009451e-02 8.910400707765402384e-01
4.567533783425881122e-02 9.893732129405682363e-01
5.153126877562047570e-02 1.004471687849342487e+00
4.316577674836261092e-02 8.618865686393040182e-01
4.056329785693155859e-02 8.770484139978292903e-01
4.410468238593020368e-02 9.152013206860405425e-01
4.130786526809435838e-02 9.414711372531827660e-01
3.403738924186898440e-02 6.850992285228232337e-01
3.941511412265535919e-02 9.858656347208005766e-01
4.020611967164174072e-02 8.520490469227066654e-01
4.032284789599305946e-02 8.733372134023330569e-01
3.785154114162065514e-02 8.054260677353699549e-01
4.013768226189209226e-02 7.679546681853871570e-01
4.365217551137186985e-02 8.895591182911248840e-01
4.015514077589724118e-02 8.409093957606189607e-01
4.344517827995305476e-02 9.454477939767959027e-01
4.336658586969634188e-02 9.471066023150400692e-01
4.485270381815656404e-02 9.503652146046458471e-01
3.923053104887040676e-02 8.969340584348639567e-01
4.048283430580237180e-02 8.406470894964678253e-01
3.420353160037553630e-02 7.602872354884756545e-01
3.463841655786778495e-02 8.989503926417881097e-01
4.040418638983502009e-02 9.672582976476834515e-01
3.538771456531632914e-02 8.770838866663748234e-01
3.635067003137340547e-02 9.310079219071594192e-01
3.362406746247906947e-02 8.053275835103838043e-01
3.555248414279656155e-02 8.740179358295772083e-01
3.391765402891797065e-02 8.724679147344018837e-01
3.351289499796650251e-02 8.609556550970387523e-01
3.107833264076296370e-02 8.017960632350322747e-01
3.178289290381531434e-02 8.385470183400282052e-01
3.689285791160869937e-02 9.961864862608872384e-01
3.315462407623612912e-02 9.225853034475415271e-01
3.228450351100043553e-02 8.931309192951140119e-01
3.391797556650859996e-02 8.986686536640750012e-01
3.161241697575681298e-02 7.939606199052013924e-01
3.074433923807620359e-02 8.068455663125564392e-01
3.442531775567825997e-02 9.191581697026875997e-01
3.846566353291661772e-02 1.040685034261693342e+00
4.427552228241274368e-02 1.187283282739963086e+00
4.339074407208088485e-02 1.163320344114481708e+00
4.316992432633364601e-02 1.132370965026251231e+00
4.288069579825412592e-02 1.191298565055689096e+00
3.854810000629323857e-02 1.056235745254221925e+00
3.811959070341273265e-02 1.071019026921327555e+00
3.655602739586730904e-02 1.059516654023178406e+00
4.002801093102527352e-02 1.139096489662201117e+00
4.153446978915296267e-02 1.208414283366583630e+00
3.765519921175587009e-02 1.074490319898292690e+00
3.789120148180669806e-02 1.153076535210194598e+00
3.046764115009222354e-02 9.290214086731324317e-01
3.367131054247134159e-02 1.048876469616738749e+00
3.167475721206999828e-02 1.021070185341325320e+00
3.292365681747448647e-02 1.019243350963416228e+00
3.221492095500800429e-02 9.707628182083417601e-01
2.999140096780309600e-02 9.174070253881215775e-01
2.652834275912398926e-02 7.810666404054791290e-01
2.400925355892230204e-02 8.227620182117325598e-01
3.040750935249042497e-02 9.413902408256256127e-01
2.828755790908734497e-02 8.958302418735006878e-01
3.239512014815262159e-02 1.023246943102442685e+00
3.186727956127283212e-02 9.922581806386399084e-01
2.691865428649073758e-02 8.725972931990543247e-01
2.204410007990054501e-02 7.769298131618188608e-01
1.823672545473323942e-02 7.016180313397929469e-01
1.852599492378342178e-02 6.658376126397571593e-01
1.708399448187802872e-02 6.316095062914467428e-01
1.792972176995472761e-02 6.699699695417437040e-01
1.901511398069583719e-02 6.819515045410767806e-01
2.287568367098015421e-02 7.822401679861169521e-01
2.560724128140851388e-02 8.177169386318150490e-01
2.375756011324862624e-02 8.498986537314127121e-01
2.197275853281673019e-02 8.323088885063091302e-01
1.776429154880420150e-02 7.217874127669611228e-01
2.091746434493006040e-02 8.534158851736428630e-01
2.672717238564481859e-02 1.050016916690401425e+00
2.432219406694004216e-02 9.684000632163002331e-01
1.942950376130778145e-02 8.363959390678631367e-01
1.639704967129619953e-02 7.835327225467971779e-01
1.889153091711982466e-02 7.992975572183529387e-01
2.059285516685198034e-02 9.441546480635965022e-01
2.585169145544591665e-02 1.162154590708528001e+00
1.952078356469880149e-02 9.340412973686841314e-01
2.271907535898408034e-02 1.023859336476389270e+00
2.548924080305246462e-02 1.134934763243244493e+00
2.277351781473424541e-02 1.098775697416254804e+00
2.308811476555486242e-02 1.089204995397653697e+00
1.855568948754092451e-02 1.006437912822041758e+00
1.776118667332107423e-02 1.071837112799477243e+00
1.638655345723867215e-02 9.299670444719317919e-01
1.278115504869308840e-02 8.205503156192812675e-01
1.572484694164314259e-02 7.447583037668474848e-01
1.606260342940606101e-02 7.948052546071543434e-01
1.761831719174665814e-02 8.197131889779368796e-01
1.644327485638134162e-02 6.046664316767509373e-01
2.077887840306155351e-02 6.870405878785663667e-01
1.327956081000563303e-02 6.830105486028696937e-01
8.477813766791308242e-03 4.733628054771991667e-01
1.155701860689536779e-02 4.537795910269177835e-01
1.401902151079660423e-02 2.866813084974805803e-01
1.977050881181601633e-02 4.715928535117066556e-01
2.320668085463284749e-02 6.274547512929007365e-01
1.584895977612876469e-02 4.814556367851638985e-01
2.243435689947667969e-02 5.861471929831629790e-01
2.932313229057755335e-02 8.009985496056777343e-01
2.215353361414242744e-02 8.318431728540816028e-01
2.205483227317454539e-02 8.091955855525041486e-01
2.358312262181575664e-02 9.154013310114990087e-01
2.302001856735000698e-02 1.057337430379200693e+00
2.888942633665260093e-02 1.036580402885171281e+00
1.943217571096452975e-02 8.710774264718310622e-01
2.271778154415509884e-02 6.920705693096753652e-01
1.964045551514086857e-02 7.941060735173813834e-01
2.096719556844393872e-02 8.845261064693753505e-01
2.387617066916111752e-02 8.621069618764580778e-01
2.302904124770438835e-02 9.587811820918906713e-01
2.259643235034578326e-02 7.903725460005008863e-01
2.284663653986934717e-02 6.975016633433426261e-01
2.104280036648521757e-02 6.748313904648652883e-01
2.411436229688185273e-02 5.707375376875184481e-01
1.843583868985461741e-02 4.058315119181024055e-01
2.144870279382003753e-02 3.876380428090094865e-01
1.907522406968667136e-02 4.439080695856927883e-01
1.894326718412522523e-02 4.513979510033749309e-01
1.610919206421793093e-02 3.890019351927075375e-01
1.887962197851707907e-02 3.957471604241682983e-01
9.805966109732326685e-03 3.251056758448744866e-01
1.036800354256981437e-02 5.188829847823764885e-01
1.305850197558320464e-02 4.633235044691570992e-01
1.164435037932261448e-02 3.319010623854604658e-01
1.476864518934266866e-02 1.956403513969731112e-01
1.804498804605484188e-02 4.319074927460822000e-01
1.007802532076500571e-02 8.116393713869964888e-01
9.243821313354255026e-03 6.856609668470189378e-01
1.732629085328768470e-02 9.722418759604575245e-01
1.054701781309225553e-02 5.638844787261239055e-01
1.274713004589079005e-02 5.863850848191061171e-01
1.087881326321030878e-02 6.723615576969457219e-01
5.287739406012327559e-03 5.718762703140713999e-01
3.188043533025320536e-02 1.025104186176774901e+00
2.483480033666765965e-02 8.731535708468329826e-01
2.882545173861798121e-02 8.895319788651110393e-01
2.840825064725259821e-02 8.888104413389532610e-01
2.617057216038649187e-02 7.914459700951038679e-01
2.897855301984733276e-02 9.509886879145156291e-01
2.600189655135098574e-02 8.022891392169151370e-01
2.753571173526902019e-02 7.929445146183454751e-01
2.442862111257344468e-02 8.023268812769689395e-01
1.794076847031032124e-02 5.740001223041687473e-01
2.044829630024078831e-02 6.588147846864568224e-01
2.761517348729651891e-02 6.925559948994978177e-01
1.954810216717611099e-02 6.131859792564254841e-01
2.344549048545564729e-02 5.005604111426962266e-01
1.838752770442625764e-02 6.682021694504713949e-01
1.944012984154786308e-02 6.131447286259605889e-01
1.943285959964577772e-02 6.319694137616915786e-01
2.203016497000799198e-02 3.637805334865453766e-01
2.292822385560126450e-02 4.153888600398568665e-01
2.379677602272859543e-02 4.047906948796480275e-01
2.320454752583317112e-02 4.320365722463888614e-01
2.845795057208541298e-02 4.657671916535952028e-01
2.724353141758062077e-02 2.451435513868112648e-01
3.365877568965452982e-02 3.248516925285492851e-01
3.663511254645984011e-02 2.843266281740071677e-01
3.713938045885405853e-02 5.219997056535136126e-01
5.093891642961811267e-02 5.804378974529827984e-01
5.784644270724149939e-02 6.340598912282202626e-01
6.059116739104766780e-02 5.867978431507511194e-01
6.610376151530929223e-02 7.906708153663177807e-01
6.919392522454367866e-02 9.589193646488870515e-01
6.596692707347483198e-02 9.626407340984002303e-01
6.801287222971195978e-02 1.020523013141944935e+00
7.258980103233042547e-02 1.092151528345633560e+00
7.131853296897316952e-02 8.385459965419805872e-01
6.958599192177797321e-02 1.078568243330086718e+00
6.511584202393337628e-02 1.126035410228502620e+00
6.062769213667168477e-02 1.059688377677125093e+00
6.405248880980397852e-02 1.126586059769841164e+00
6.346937460230075989e-02 1.152365956178938555e+00
5.782277965771595585e-02 9.442902434575342063e-01
5.604958349334186046e-02 9.986762992823898788e-01
4.979297799425618648e-02 8.950987952341900034e-01
4.977346845204714404e-02 9.311909895365887424e-01
4.724389999754895902e-02 7.985546903126889973e-01
4.297499915593042119e-02 6.354241963645408386e-01
3.993116633601470622e-02 6.990741299081446591e-01
4.779798067023646735e-02 7.427232118738262834e-01
4.023552612741176926e-02 6.680966321527549434e-01
4.155578699319559255e-02 7.086595144317582307e-01
4.236444953594989404e-02 6.761276134823018813e-01
4.143464654962386584e-02 7.793961575401466835e-01
3.860764745555026606e-02 5.814846691084488706e-01
3.580923957372433158e-02 7.594153275070716358e-01
2.923228091527271810e-02 5.124440945659929358e-01
3.653456429844505887e-02 7.394558685289847055e-01
4.859729329359564753e-02 1.094217559260688200e+00
5.196702992102380375e-02 1.519557916609289405e+00
5.519382539123358911e-02 1.406919229462321397e+00
3.046005576295468184e-02 1.727021928099768955e+00
2.434136545063088700e-02 1.611632690681238378e+00
3.436293689724979200e-02 1.827186471092090425e+00
3.026685582166744465e-02 1.725959528251138853e+00
3.086647139447707550e-02 1.500096270858241265e+00
5.216787384729808241e-02 1.625621636322045038e+00
6.205586438840078600e-02 1.886449781302878881e+00
5.634761332238440168e-02 1.791294039349415446e+00
5.803220194274893301e-02 1.791843174659705440e+00
5.732576972692444289e-02 1.782501592958463332e+00
5.532617660178457825e-02 1.710366413571158484e+00
5.315050324304687601e-02 1.638039469638401968e+00
5.579761317719428987e-02 1.734406668150713760e+00
5.736966965745957797e-02 1.737712114964930388e+00
5.451414756763137831e-02 1.678604933987472680e+00
4.133901423577788364e-02 1.418905532773961031e+00
3.504455562546913983e-02 1.211131077676814716e+00
3.598787321720603449e-02 1.244487594869861935e+00
3.692641945202964487e-02 1.286806497402786853e+00
3.523884056696940936e-02 1.273021025031012776e+00
3.314546449278207851e-02 1.162153453233583544e+00
4.265623860547145679e-02 1.382295694595596647e+00
4.042677992269590181e-02 1.302225152858589530e+00
3.991193759354413895e-02 1.335299493372787083e+00
5.822041782335495019e-02 1.491288305704922879e+00
5.841015652872534603e-02 1.523115331678774886e+00
5.872754694979082785e-02 1.536995135704672499e+00
5.807072340847487663e-02 1.479359723949052796e+00
6.981241550048866706e-02 1.971006285591320850e+00
7.392924111877659243e-02 1.940959074099535053e+00
7.248686124380773754e-02 2.080333756838319115e+00
7.904463476848321013e-02 2.301138795842947893e+00
7.165553904514540551e-02 1.994865278508030082e+00
7.732265583326741742e-02 2.220253526192438986e+00
7.737685236355790197e-02 2.110161282498771662e+00
7.509629572349038606e-02 1.854888917134153159e+00
5.925736847299887394e-02 1.644823185393450737e+00
5.957018443906182681e-02 1.478587124821581611e+00
5.507948820446353227e-02 1.539563675130073861e+00
7.115071886671456292e-02 1.890065534009255588e+00
6.167037541010954305e-02 2.237067626202742687e+00
7.111340908468516409e-02 2.679806689126886354e+00
8.050109662572758895e-02 2.954175897350848068e+00
7.729890238821637838e-02 2.942420006710325886e+00
1.343833678164839396e-01 3.766241843328820948e+00
1.292863352154592915e-01 3.595138250336103791e+00
8.895865797617666382e-02 2.965627164391887671e+00
8.668004870292772557e-02 3.161226556270547494e+00
9.269766387118945350e-02 3.492820330397678141e+00
8.029871166255307668e-02 3.172551566919748822e+00
1.303545732372542176e-01 3.070331804570463063e+00
1.217602766299202693e-01 2.775211153414480769e+00
1.294195754994806324e-01 3.828774016252243229e+00
1.143978509472702854e-01 3.955593788280168166e+00
4.851817460482595046e-02 3.814166886913481047e+00
4.046870231594222600e-02 3.778602198336837859e+00
3.785375214508999303e-02 3.223287204685532981e+00
4.584879106935590282e-02 3.442021100471128747e+00
3.576105450460723839e-02 2.258416435129320998e+00
3.845470569648094805e-02 2.038885476061661262e+00
1.510938481891346830e-02 1.856281115674750071e+00
3.010981474434435215e-02 2.032170306715690877e+00
1.277891486482922098e-02 2.173887888557584969e+00
3.354005865792324820e-02 2.388232040030228820e+00
2.920308138465389433e-02 2.215560685999661494e+00
2.318876023124537625e-02 2.527302157723529064e+00
2.223263682297725585e-02 2.195152570740837472e+00
7.904045096279789864e-03 2.037688570042699876e+00
3.103155474652820323e-02 2.453717860701701170e+00
3.014777651119825153e-02 1.767738619640140341e+00
5.003385701903325516e-02 2.283020934617635778e+00
4.937471350343070747e-02 1.818257357985648248e+00
5.359162807293016417e-02 1.771710656247499793e+00
5.227885954005076496e-02 1.683342996684746184e+00
6.546411190703514682e-02 1.938227500777123469e+00
7.602546745063881728e-02 1.660382625148173474e+00
9.168129036290989520e-02 2.472045498909890338e+00
7.216893327063092500e-02 1.984027444630075632e+00
6.197198583059546767e-02 1.635283143202123979e+00
6.304067538713091501e-02 1.722403579604218748e+00
7.206080096313316474e-02 1.924665914663784339e+00
1.169410573699353889e-02 2.641521135678716270e+00
3.554336985766649165e-02 2.725464467856883122e+00
3.762037056457039064e-02 3.266639436117739326e+00
4.703087346259197943e-02 3.059902076594914977e+00
6.519392048577318799e-02 1.788177443174208792e+00
4.488845094086257176e-02 1.439215490600770364e+00
6.683384561190705564e-02 1.937503282604934984e+00
5.123539691626845943e-02 1.649777292230382830e+00
5.657791045675651664e-02 1.820658538057433606e+00
4.975011048602767660e-02 1.780916919930515929e+00
4.560738441227363965e-02 1.659208521941391234e+00
4.955554112624544622e-02 1.757031796345539298e+00
5.142159619852395419e-02 1.742910677201638725e+00
4.828742639814947307e-02 1.673856843345234324e+00
3.273729624843851188e-02 1.045770633827571183e+00
3.127801941503880606e-02 8.115145371088672288e-01
3.316544196282450452e-02 1.053327370338437596e+00
3.781840959841920036e-02 1.202139256013489588e+00
4.414184267365350856e-02 1.277029288141678931e+00
4.391524661065837609e-02 1.312063311416718170e+00
3.622021304947971310e-02 1.147816924127547100e+00
3.619969802470989623e-02 1.069414223351895510e+00
4.624228739400301769e-02 1.311854444725789604e+00
5.264084270064708221e-02 1.495230894527665999e+00
4.663333216785738727e-02 1.421186341722857405e+00
4.820840981939948644e-02 1.382382718255188214e+00
5.022898766484355793e-02 1.356076408109069265e+00
4.943388126881985423e-02 1.341864106651897259e+00
5.348732898378056461e-02 1.415583210085156196e+00
3.986408460914504098e-02 1.228784852814278628e+00
4.101429976445516296e-02 1.083845735401833821e+00
5.353497863087215008e-02 1.304530928657009259e+00
5.223703140445348780e-02 1.233035550507324940e+00
4.967840980489115349e-02 1.220669096100048812e+00
5.645354225549240740e-02 1.339727418379527579e+00
5.376372873949957637e-02 1.295684242043060985e+00
5.019929667653546396e-02 1.209028484267576031e+00
5.269401589310870881e-02 1.282886055968504913e+00
5.269730101249551352e-02 1.297337291339734300e+00
4.206106879073062688e-02 9.707193045854995983e-01
3.599919719575866983e-02 8.434116387042208673e-01
3.561833652672808520e-02 7.705235157464076501e-01
3.853133603759418407e-02 8.326046195159256813e-01
4.125254885283317907e-02 9.360813468095806611e-01
2.837109196137994893e-02 6.045338924831928917e-01
3.241790340614662119e-02 6.889746500874400770e-01
3.089862303299428098e-02 6.724909708371524797e-01
3.236459291246181896e-02 7.458533549096533211e-01
2.877660843096353782e-02 6.800540800432764987e-01
2.810875704291461788e-02 6.508249069617439986e-01
2.841740632255701157e-02 7.169136414709398331e-01
3.113414387189005275e-02 8.294375285164030664e-01
2.952072299817942377e-02 7.945152266299037036e-01
3.397313142434132266e-02 8.564198901691393306e-01
1.016493014595845970e-02 6.555319685523995910e-01
1.053520225665986916e-02 6.528339292354466972e-01
9.660744572570984304e-03 6.056220445432844990e-01
2.352717814966123408e-02 8.629617223966088435e-01
2.029081133289943259e-02 7.065246677976388945e-01
1.787507929930554074e-02 5.798088684893724087e-01
1.727041706435568716e-02 6.128960859077173806e-01
1.827495439010939915e-02 5.801109307325031939e-01
2.238254455689241487e-02 6.779623846479606586e-01
2.417629196778011552e-02 5.771592702679483322e-01
6.249237406202699796e-02 1.442169640245358542e+00
7.316297610366805093e-02 1.688356105465939283e+00
2.572336996524058478e-02 3.923276014207898732e-01
1.788853049651143584e-02 2.530757646617914913e-01
2.558603952717384070e-02 3.694939300864498177e-01
1.977352554397096909e-02 2.599218393624208590e-01
1.729707229022367510e-02 2.774771557120754850e-01
1.102642215917755582e-02 5.716951354496249693e-02
1.060228692962783895e-02 2.732411211081815505e-01
5.494655632597960325e-03 1.962375820230438106e-01
4.634288362409587012e-03 4.928816469524065491e-01
1.231726728061880057e-02 5.319378629337221387e-01
1.386364764103822055e-02 5.772588701531097266e-01
5.757517669812146910e-03 5.152798029085522424e-01
3.828026960831579228e-03 4.292407131180812629e-01
5.929532126172513788e-03 4.037902923352236773e-01
1.577150741829745975e-02 4.182405268542094823e-01
7.108991799649685278e-03 6.066495183586706474e-01
5.524449192530350022e-03 5.779091859716543045e-01
1.261887921993896759e-02 4.420139507772419263e-01
2.936264169485157741e-03 5.941769407478453280e-01
5.719674820031567068e-03 6.671822462833089107e-01
4.280089157202736881e-03 5.399489203709095797e-01
4.737440741010045739e-03 6.439438756196531610e-01
1.802102573288193524e-02 7.534553434890769452e-01
4.355671065321485395e-03 6.523460847975480759e-01
2.235868936907929941e-02 7.755311120531166447e-01
1.398674320711540929e-02 3.829586481911443907e-01
1.372918378579702017e-02 2.363524531290398245e-01
1.656929436215587303e-02 5.722896498112213237e-01
1.700204635825845398e-02 6.323692706566372834e-01
1.340767908343574316e-02 4.731886216188233019e-01
2.368434603851561279e-02 6.879485103790379252e-01
2.426885272905402249e-02 7.832815488378740421e-01
2.251802870061226161e-02 6.989971500898367607e-01
3.308413580315953950e-02 9.356306063834314291e-01
3.416209311395213000e-02 9.503157503673620443e-01
3.374555037283055725e-02 1.022333340130246793e+00
3.163803514317373861e-02 6.887986498470511920e-01
3.562857860559581064e-02 8.547013427038827604e-01
4.116315190225253162e-02 8.551806532602101996e-01
5.634126224460276472e-02 1.196530932582396733e+00
5.649621388441713327e-02 1.177684229003349570e+00
5.294030574843032466e-02 1.052778908122649737e+00
5.074663857228715880e-02 9.972489428755699770e-01
5.907147083796706472e-02 1.100805048132741826e+00
5.240154077912077130e-02 1.129391083156005671e+00
4.562867941123147086e-02 1.053174841033453601e+00
5.211570521289282665e-02 1.135916998300411596e+00
4.867982277053458512e-02 1.166531221329917045e+00
4.225510056692197841e-02 8.957323302668519505e-01
3.386543022807654568e-02 7.418178200598748440e-01
3.803140563705153382e-02 8.800506689124257820e-01
3.777061460569856866e-02 7.447683426969601284e-01
3.324008505623970294e-02 7.979579038576986028e-01
3.144344842203210949e-02 8.972022296377211159e-01
3.037773016047078112e-02 7.533550259891240719e-01
3.772929864480221301e-02 9.158692229475787761e-01
4.529507939990475018e-02 8.536491107592834027e-01
3.279143724609925870e-02 5.113058559872886155e-01
3.970373275493643828e-02 9.393887967565768271e-01
3.563078075946105733e-02 1.049226796727602773e+00
2.561022572086098237e-02 1.203154598153829413e+00
2.063129818063915918e-02 1.826197011786787061e-01
3.403066711947083656e-02 3.495864937106297754e-01
2.667088942896385026e-02 6.544743904170493565e-01
3.715396744939681445e-02 8.252534312183250620e-01
3.547178481099971803e-02 7.146275867581963759e-01
3.294552122924901405e-02 4.389345501437277863e-01
3.075724156173149926e-02 7.097232967200054476e-01
3.282510803996736837e-02 7.019744272855771294e-01
3.680118921621146344e-02 9.656922472474396280e-01
2.821075981833522442e-02 4.476501492582288244e-01
1.133534416468997066e-02 2.626209591595378701e-01
2.346187274177193721e-02 3.612338328996932413e-01
3.819503039104616554e-02 5.763971187489835835e-01
3.188539019465511104e-02 5.511858049820406169e-01
3.593733985311989287e-02 5.699855299075186066e-01
2.391709432858584936e-02 5.889142614158000555e-01
4.441045728954850710e-03 1.043249055273133719e+00
4.671521481778353850e-03 4.375819129921401096e-01
1.461166866527324748e-02 4.541121131184905901e-01
2.021306266737042667e-02 7.208860923166762191e-01
1.812292394782461999e-02 4.552410887178612309e-01
3.506511313677724423e-02 9.561496838536986953e-01
2.677388426035839583e-02 9.077997056579393265e-01
2.116745872982372240e-02 8.004388402262111457e-01
1.030379058841643033e-02 9.953297279239569084e-01
1.307046275776266135e-02 9.958255504706048367e-01
1.602936618293127058e-02 9.194917731304829145e-01
9.250611841515713613e-03 8.955161370835799106e-01
1.830193731414918659e-02 8.017239278275026804e-01
1.707988907878086465e-02 8.015951060844812570e-01
9.877954564396990503e-03 6.928576442758874743e-01
1.069104684357686900e-02 6.629568913443705247e-01
2.509561694871582579e-02 4.091624796218392146e-01
5.228675561911038001e-03 5.764399949924410294e-01
1.836663641040718956e-02 7.901036339293189270e-01
1.661598467922617214e-02 6.217923060674622748e-01
1.353686608988701606e-02 4.932552932717115812e-01
8.160668267582524976e-03 5.339712707769100897e-01
1.218230507123397449e-02 2.322575135220643627e-01
9.450659958362226526e-03 2.256155254554922662e-01
1.051797790405390870e-01 2.251312778443878670e+00
1.050269621753132099e-01 2.414501609370663715e+00
1.024965796384280647e-01 2.269299265943955035e+00
5.193608714183396008e-02 1.197735860397386221e+00
5.788348978680921131e-02 9.514349828661023967e-01
2.487063469562363766e-02 4.019419110167283815e-01
1.154345642208773857e-02 5.120182180798964477e-01
1.354723625699641790e-02 5.935594937968663443e-01
8.178615302411035640e-03 4.521287154647058437e-01
2.031899350827423220e-02 6.882513275413131293e-01
1.519153508077697445e-02 5.530409830990921094e-01
1.628365544882834012e-02 5.524421298181317885e-01
3.706890614710619397e-02 7.497570620564879551e-01
2.711605470432480042e-02 6.686832599577227088e-01
2.633039502103441329e-02 6.786413867301763769e-01
3.711448852622030448e-02 8.013731043743528293e-01
3.183202241874013433e-02 7.913286981732124969e-01
3.922028746326091525e-02 7.899342220664730130e-01
2.947217056290743833e-02 7.549938945645205957e-01
3.691511547195491794e-02 7.692587273108022483e-01
3.848945554949236708e-02 8.747268749724912418e-01
2.373889959135512887e-02 7.070006601203383534e-01
2.070819505200718544e-02 5.956757459606190075e-01
9.071842394075185778e-03 4.077016693874830899e-01
1.506613258745559923e-02 6.214615430530466833e-01
1.070983458563314582e-02 3.848134745125402212e-01
2.210759908425286024e-02 3.862660785932605645e-01
9.334982302532799509e-03 4.215856023589887869e-01
3.764073301474268191e-02 7.821097513175891969e-01
2.512058204092460639e-02 5.079244088447042449e-01
2.332847616058730117e-02 5.644987047601734975e-01
2.269713557232469828e-02 5.155308229267430153e-01
3.398967340558194800e-02 7.250813451211181038e-01
3.282689688045210830e-02 6.169596358075302156e-01
2.612828176226658292e-02 7.081765149387968528e-01
3.412124371099877623e-02 4.933317594082132218e-01
3.446245259341230299e-02 5.699612319517664005e-01
3.084700174938226347e-02 6.396096470952306046e-01
3.442299135440014812e-02 8.920454801370762965e-01
2.967879562029108673e-02 7.716713178293691522e-01
2.460572098775450772e-02 8.236573112794436380e-01
2.563573325193562596e-02 7.069686208200500754e-01
2.638082638067087982e-02 8.391438128277308728e-01
2.884077428614193611e-02 9.352969180619601364e-01
1.682198357460068863e-02 6.995297034546991144e-01
3.408663458151466041e-02 9.782073988294435196e-01
2.817616503658106411e-02 9.293195968610701296e-01
2.880605527749239766e-02 9.139612580440027445e-01
2.456420418247610982e-02 8.372212748630978307e-01
3.687391027525897813e-02 1.086116473183461162e+00
3.451888661028198330e-02 9.755045372368631451e-01
3.357786735281745316e-02 1.003981564673087412e+00
3.488150108921509590e-02 9.485318579029524688e-01
3.885406848898165927e-02 1.022337494696006432e+00
2.988173432401099172e-02 8.563871635411083316e-01
2.357505261855232306e-02 6.891135867390385528e-01
3.192314245508512394e-02 8.833892603375201880e-01
2.604948116972592015e-02 6.871711600572686374e-01
2.488431513309400517e-02 6.498113517846907383e-01
2.369698230789780979e-02 7.226474898673973524e-01
2.141742941691323135e-02 7.610578879378057104e-01
1.371915808113034416e-02 6.868057463456611611e-01
3.309901006893671560e-02 1.080124458175491409e+00
2.785427360166039396e-02 9.807777780990618588e-01
2.954033512682662302e-02 9.413589031021775133e-01
6.151822834839703810e-03 4.151836665599260012e-01
1.211085969562433404e-02 4.666420808959879651e-01
1.101973249673658152e-02 5.073093352980849735e-01
2.685589125812772385e-02 8.138605914776032568e-01
2.799425846095032408e-02 8.881073750625996244e-01
2.388219435319651265e-02 7.619452276988587514e-01
3.071117078941279499e-02 6.794866470074990561e-01
3.130390937739913754e-02 9.151540448926037685e-01
3.123727080297271363e-02 8.480191649315528268e-01
2.986957360014971460e-02 8.127931770928126243e-01
2.456024555949432031e-02 6.415277266022301195e-01
2.711991087499599287e-02 7.029620982054965994e-01
2.140800675336694547e-02 5.142935185222744510e-01
1.629665531452970453e-02 3.649121680125937961e-01
2.199909582918142120e-02 4.971738228537117554e-01
2.093196459853597508e-02 4.655807557251866458e-01
1.380897513085845539e-02 3.002433123053219743e-01
1.625136903237679384e-02 3.691000146596815079e-01
2.619217320102076516e-02 5.541867754841495186e-01
2.524196838862495171e-02 5.760931457856819371e-01
3.522163923366078420e-02 5.485558232161217296e-01
2.841472907400688017e-02 6.178188701754179224e-01
3.558086158519686154e-02 7.452533259450391245e-01
2.654476582428869774e-02 6.268615972149929050e-01
2.775922935861984894e-02 6.143096025304566332e-01
2.103439433742253228e-02 5.918843248444840555e-01
1.956216193816665699e-02 5.261281103507909895e-01
1.781149396188919098e-02 5.528987828535607552e-01
1.670710087703611638e-02 5.883026934222210791e-01
1.547754191185812637e-02 7.338602054008451780e-01
2.168700415873133294e-02 8.118872839740802760e-01
1.734492110997018152e-02 6.310169416679471954e-01
1.477002874629069172e-02 6.584564044950900197e-01
1.893079992019563312e-02 7.318913176815649013e-01
1.051312322350131216e-02 5.178793267844367110e-01
7.054217502998685885e-03 4.749447699478992480e-01
5.512968558495015894e-03 9.020357304069172022e-01
9.329473651155209199e-03 5.851691599494350804e-01
1.614445114182982977e-02 4.625917103963229637e-01
1.067739448788318155e-02 3.393485750413493540e-01
1.748489811267672778e-02 5.685978388690274832e-01
1.742522404014535883e-02 5.741257095432446000e-01
1.300382896140270944e-02 4.537292643893818256e-01
1.314770610122958060e-02 4.905698019190213310e-01
1.668826099236143598e-02 4.444261480861073088e-01
1.073138086082620242e-02 4.253118310615753850e-01
2.587445584661742307e-02 6.147480088729657677e-01
1.967076818911363614e-02 5.206427219572270504e-01
1.769951297026974707e-02 5.036357314301400656e-01
1.528597928942688512e-02 3.967260419784756076e-01
2.039071773859831363e-02 4.968416562930109137e-01
7.166567929416209348e-03 1.805242085743397618e-01
1.655133856917245100e-02 4.210230254546142303e-01
1.516165497839540646e-02 4.219648697497931367e-01
1.148609796334447777e-02 3.690572126385935903e-01
1.363312835285740085e-02 3.831759338845177609e-01
9.823979322072119019e-03 3.076587265224542400e-01
1.407805685843982815e-02 5.057593590877069722e-01
1.094665971419197560e-02 3.663275296476919962e-01
9.107337376108547156e-03 3.924262522747758442e-01
1.710012102989032917e-02 3.803416437469419042e-01
8.338473850998876294e-03 3.467052909251591708e-01
1.029230835160222825e-02 3.621104059790586360e-01
7.644588364041967482e-03 3.427517098400460482e-01
7.151719406138550700e-03 1.951167411215600778e-01
1.034001438459779439e-02 1.127721751640851366e-01
7.487055894995454756e-03 2.092099420397307008e-01
9.128647695438403195e-03 2.441237730904437797e-01
7.488434915371482148e-03 2.275149436388133606e-01
7.984761572030809815e-03 2.740500336142240312e-01
6.633553808345292110e-03 2.585585934207527692e-01
7.775573416515611964e-03 1.821534258054679778e-01
1.393663171591137152e-02 3.517749261349240597e-01
1.370803811525444539e-02 4.099354400088964234e-01
8.713587379659696111e-03 3.539103710875501907e-01
1.639922676672256677e-02 5.068972720942541699e-01
1.040726584038197122e-02 2.718589863055897449e-01
1.587553751337289834e-02 2.480732012075884951e-01
5.104064336019956821e-02 1.227801895062388349e+00
5.532145616209850625e-02 1.340136604620185468e+00
5.269390316693903925e-02 1.486392934498704577e+00
6.763802892214626494e-02 1.802236230268378314e+00
5.980129635094558888e-02 1.693165984669180224e+00
6.077233400942493036e-02 2.142779922734793008e+00
5.857647319484972359e-02 1.897338900745106027e+00
4.971087302574658112e-02 1.503389093853618741e+00
5.593382958453465420e-02 1.457203424695064697e+00
5.578208940335027677e-02 1.037644910869198966e+00
5.302687121863770836e-02 1.050224267050807514e+00
4.749702870457139792e-02 9.283984455544228576e-01
4.373592562401620171e-02 1.253980207345236852e+00
4.828710516447164841e-02 1.443923817573704138e+00
4.660625872123139168e-02 2.162302676373633936e+00
6.158606903640544833e-02 1.463760684072798579e+00
2.473416150262973401e-02 2.994737742899901356e+00
7.697860624029941035e-02 9.474993561919204943e-01
6.534882688553343699e-02 1.284431927278793184e+00
6.824296928647524685e-02 1.189591797215027835e+00
7.336151215381203627e-02 1.270113227859649863e+00
7.289031092082072505e-02 1.135892673730819258e+00
6.538679901668138783e-02 1.219945017116386810e+00
6.335274100095898697e-02 1.198010482462003035e+00
7.531984842443691097e-02 1.167800824658862258e+00
6.597088164661230048e-02 1.166173982630089867e+00
7.262693828736517532e-02 1.115966649774764230e+00
7.782571990968004116e-02 1.195402480733998685e+00
7.187337161380705219e-02 1.026567609703495032e+00
6.945993475052099353e-02 1.053405930599683238e+00
6.915200001034607635e-02 1.104763321363587458e+00
7.892802252694505749e-02 9.944742341270570440e-01
7.392644121809184565e-02 2.105609211850374862e+00
5.690591575356185317e-02 2.296667710691206121e+00
5.771664631695190562e-02 1.720295356725563884e+00
6.028005995245544479e-02 1.944871455356030898e+00
6.088581689243593997e-02 1.774826088391881829e+00
5.611810774887122238e-02 1.765381376893247145e+00
5.795115634507759517e-02 1.721413550109009760e+00
5.567168292663506740e-02 1.773193432210236065e+00
5.793140083223956988e-02 1.821536630554768221e+00
5.728783298543310698e-02 1.742584953296082428e+00
6.094262512129232368e-02 1.593991888069215435e+00
5.452616074465386348e-02 1.508942907085833340e+00
6.169443597603999074e-02 1.571229067255978107e+00
4.406192204789006334e-02 9.715420559537002454e-01
3.419593161074973436e-02 7.938840519867585988e-01
4.011296594261968412e-02 8.705794306263324733e-01
3.905805381600257337e-02 9.401948844753670320e-01
4.685873576850865113e-02 1.048670316907127642e+00
6.695727795648595548e-02 1.590951132451764227e+00
6.069857014885554625e-02 1.571713818428039922e+00
6.182953266538988163e-02 1.572722051483081529e+00
2.633203806605760589e-02 1.145759855201799793e+00
3.278121981734860579e-02 1.110511163235145204e+00
4.004769594342542233e-02 1.203975062091485748e+00
2.654668019120828490e-02 1.087869276035593691e+00
2.720499663192944839e-02 1.379075094112091060e+00
3.773381003885780544e-02 1.331908987980787273e+00
3.235252688503607171e-02 1.157455410614102842e+00
2.885569414601625582e-02 8.807329765952572886e-01
2.240499974773326256e-02 6.890319259354819037e-01
1.105364961079192097e-02 7.569810295697254610e-01
1.479267465394897008e-02 8.724877865088703777e-01
1.297361310088795093e-02 8.913743253656143395e-01
1.056757513670172378e-02 8.088503449227136821e-01
1.310135159402692033e-02 9.005140178722377264e-01
8.089248526911703777e-03 8.042372242970005081e-01
3.446227855819946218e-03 6.468462427869888787e-01
1.077748045512538257e-02 4.135323662925492472e-01
2.760301622332855462e-02 7.967417788018870128e-01
2.311765944811938409e-02 6.637976470077538993e-01
1.823808617713605640e-02 5.320740764324120020e-01
1.671172896004649577e-02 5.885121913214685918e-01
1.835165325075751100e-02 6.764041735608822270e-01
4.164997874799516824e-03 3.857766506486891567e-01
1.050518443983153305e-02 5.408722788088525801e-01
1.688582135527253933e-02 7.717082743820899982e-01
5.235420838917146866e-03 3.960644774469463947e-01
7.272307348067611615e-03 4.538613337885467613e-01
1.599693668268123078e-02 6.553284356339443839e-01
2.927114151929776850e-02 1.002890231146274402e+00
2.852344142204022229e-02 1.019185857209083723e+00
3.192779725475491936e-02 1.128042555973803873e+00
1.912996714309847524e-02 6.201723761600120843e-01
1.931024560696656053e-02 5.919913333147270862e-01
2.861177097832024244e-02 6.887761715269304919e-01
4.019488670326145513e-02 9.727628124242434504e-01
4.624915644750677429e-02 1.070757321886574021e+00
4.892912770409218320e-02 1.165050598438527540e+00
5.429974403870570926e-02 1.338696750324871454e+00
5.639134742119862598e-02 1.444692575422622527e+00
6.333972942393747974e-02 1.664415909814272565e+00
5.407679146109880403e-02 1.346773730975619587e+00
6.072488974758933483e-02 1.535985114871365464e+00
5.419521208109055743e-02 1.397394461578499669e+00
5.702277308688101509e-02 1.402625632420842372e+00
5.604846184238364282e-02 1.385986071225187688e+00
4.590682633118010891e-02 1.028845301603940721e+00
4.747803828783205005e-02 1.136103687700082743e+00
4.643717857778274088e-02 1.147053657237352642e+00
4.716848971084611208e-02 1.176199739965727797e+00
3.938917629774175283e-02 9.485648256271862477e-01
4.465148472886962261e-02 1.109953656786616394e+00
5.913085358233166611e-02 1.608604073920738786e+00
4.538120281023334812e-02 1.142285025593848591e+00
4.714860354004676846e-02 1.188797711781532040e+00
5.645663080233339487e-02 1.496458186523693668e+00
5.653346839048710437e-02 1.531730842659521308e+00
5.219847560344038212e-02 1.431370723053313920e+00
5.624150357192404109e-02 1.629678670286697217e+00
2.981833769660128738e-02 5.783290495359909578e-01
4.371292621895795510e-02 1.054765645454428524e+00
4.019147182582943900e-02 1.041919175401951891e+00
