6.485616438144842927e-03 9.778885308943301435e-01
7.512022614841433119e-03 1.056998179082348832e+00
7.823363474951766997e-03 1.095242095781402414e+00
9.196998291209018336e-03 1.199894438061982260e+00
8.026387260613460778e-03 1.125059726596383980e+00
8.144451493530329919e-03 1.121953782723961401e+00
9.539110091404826366e-03 1.189805004822219292e+00
1.123534863123310835e-02 1.329165269089640500e+00
1.234432748958252772e-02 1.365400744524413845e+00
1.119369816524336259e-02 1.230517468615453636e+00
1.029488850046388765e-02 1.167471135877156341e+00
9.370946545084002030e-03 1.136686921865067257e+00
1.176637898272773868e-02 1.272797757630338866e+00
1.332278783364539143e-02 1.354993814025489796e+00
1.154784529961496234e-02 1.288994582849416037e+00
1.162306054792818476e-02 1.294919333765276459e+00
1.068407174522839620e-02 1.253564202357397406e+00
9.857830500841786164e-03 1.144546803082082898e+00
1.196985537247296019e-02 1.394045255859345689e+00
1.271915203269502297e-02 1.480276571921429030e+00
1.353421675476059079e-02 1.517059878102999138e+00
1.341968107666014626e-02 1.512691755785085412e+00
1.186248048561992265e-02 1.415590948811244143e+00
9.153649498783158686e-03 1.191139259682848506e+00
7.586160488051050740e-03 1.075109114914658326e+00
6.757188186505549629e-03 1.005516656216763893e+00
6.290844689318466319e-03 9.168521035946294306e-01
6.642621657976217377e-03 9.393852795016219837e-01
7.871901445674459735e-03 1.052522665720026396e+00
7.501758114036036554e-03 1.029417648936915564e+00
8.429241484349498520e-03 1.086370157992399887e+00
8.387538840167520562e-03 1.086250341528131047e+00
8.732748422234714453e-03 1.040933158860121832e+00
8.844865862232442061e-03 9.936676441801182147e-01
9.076729264207699516e-03 9.554597141972815955e-01
5.982203818215322925e-03 6.916656027879628521e-01
6.142073201739762546e-03 7.075807163722742654e-01
6.528499062725253051e-03 7.185829021944758477e-01
8.099839773737120552e-03 8.007743606825976634e-01
8.743266799407969914e-03 7.612852629211676048e-01
8.446444687892046277e-03 7.424783154404862584e-01
8.220172700888895082e-03 7.363003267698233767e-01
1.082291513114343358e-02 8.325409756401395134e-01
9.348062179971231359e-03 7.298517700160469523e-01
9.607161402767443875e-03 7.485802859445728208e-01
8.047957527352867652e-03 5.785461281937263056e-01
1.009648832857140167e-02 7.584573337662290360e-01
9.193348720987653752e-03 6.473403790745209108e-01
9.162735725097110803e-03 6.460669584663571996e-01
8.982641448008076360e-03 6.218471605417564829e-01
9.108130409319433254e-03 7.013869622888357913e-01
9.746779948112821446e-03 6.468342711932724143e-01
9.581443606188004558e-03 6.562430053354476600e-01
1.133368471779200824e-02 5.603737950776149779e-01
1.011115306008767041e-02 6.400670770758510875e-01
1.096365391823995832e-02 1.637095005352505739e+00
1.008439352307106789e-02 7.543420747915174918e-01
1.296355931971201678e-02 1.069385173833266034e+00
1.413414548266444561e-02 1.022294702333657712e+00
1.402082576636691676e-02 1.027613430234779912e+00
1.400026227091369889e-02 1.044612333524125303e+00
1.476698729180994478e-02 1.033956253817392312e+00
1.470675808832138699e-02 1.139168189257275143e+00
1.520718550892297301e-02 1.096898929615451657e+00
1.522631236839542927e-02 1.111112759444710107e+00
1.801403741077901854e-02 1.339091998428737940e+00
2.041179310840812375e-02 1.416160580836142380e+00
1.867197508476238846e-02 1.277924507733913861e+00
1.878027879703028993e-02 1.286851591347819346e+00
2.503151053182593386e-02 1.619039983751133560e+00
2.872248839332412762e-02 1.955190281228313953e+00
2.893730470514951914e-02 1.958500092415565108e+00
2.993598701519041561e-02 1.957131098814776760e+00
2.985920108295559219e-02 1.960293330786981647e+00
3.164352401556337624e-02 2.029670525481307664e+00
2.707587756318697095e-02 1.598643375246722398e+00
2.596731820591944781e-02 1.528187648033838331e+00
2.614246082235403487e-02 1.549987112287214641e+00
2.942028311616293884e-02 1.788742746520479265e+00
2.758954306965240300e-02 1.544850422554407299e+00
2.503587609548934070e-02 1.160277851688225059e+00
2.975938610139377410e-02 1.993930364698553337e+00
3.013579091535415269e-02 1.533540195738067879e+00
2.124510283377190403e-02 1.093329753957436035e+00
1.420151829799481610e-02 4.422252771324234888e-01
3.216399593388804407e-02 1.420367088360981578e+00
2.549869564331110408e-02 8.774767931545220945e-01
4.082947442515263287e-02 1.846489308912169003e+00
2.389172745859899361e-02 7.872367406647198251e-01
1.857357931647409671e-02 3.526776107664564286e-01
1.854940048381408316e-02 3.680713267929758281e-01
1.454757509836519108e-02 1.082074920243577543e+00
2.952226866268550451e-02 2.031328893866944263e+00
2.223905402541510520e-02 8.145249118377249076e-01
7.723087212661563714e-03 1.071477238776145979e+00
7.689966303425151660e-03 1.068183606751701431e+00
1.074142393899647600e-02 8.396328599358855449e-01
1.299687892101469844e-02 5.650746095440821737e-01
1.396227067625021440e-02 6.573399482067914246e-01
1.308986887404212096e-02 6.930137141403762691e-01
4.822349693913822316e-03 1.132759433557599005e+00
9.126620001487536007e-03 5.888489241439722743e-01
8.895475422934260440e-03 1.046534846646328676e+00
1.135771469558076972e-02 4.206798256487783161e-01
1.809426331624348211e-02 2.344399831888770436e+00
8.575503122573232759e-03 1.021129922109072385e+00
1.680619938606994074e-02 2.970844810461580887e-01
1.559511300591477460e-02 4.208832113920142337e-01
2.021193413574043710e-02 7.946032369678416307e-01
1.634108794878883636e-02 3.963663257825618125e-01
1.684537067386259607e-02 4.071619067424356864e-01
1.629601226615668558e-02 1.922412508041368540e+00
1.605245591531096264e-02 1.900026029814067430e+00
1.582991292273019240e-02 1.852280775965490234e+00
6.239353862842160134e-03 1.143532132803358081e+00
4.836102045441100644e-03 1.268224939143403951e+00
7.004365816262971521e-03 1.086677619300843167e+00
7.062678859433224425e-03 1.098911699049504920e+00
9.278576423468196457e-03 1.221775209465091772e+00
1.193317036477384817e-02 1.264632546188229067e+00
7.593478585777077745e-03 9.397231143068255355e-01
7.990222023447682981e-03 8.476182429131590146e-01
2.304807940970761242e-03 1.347738331883282958e+00
6.581160160438854871e-03 1.202630647419098420e+00
4.506249489119393790e-03 1.331563212749474534e+00
4.768716944630584792e-03 1.315728067540810953e+00
8.688407319115874772e-03 1.472778261985494996e+00
7.246012189570996513e-03 1.274140544992297341e+00
7.105602007306670818e-03 1.634232444485508307e+00
7.189518539973556097e-03 1.604090671623450426e+00
7.062359248844826513e-03 1.714956182737142232e+00
5.584785386698283734e-03 1.614789114190773311e+00
8.561449472619157841e-03 1.165040150544996322e+00
7.110786451269160077e-03 1.253626832044846484e+00
7.012147889850114425e-03 1.244699293298194398e+00
5.296793627966965047e-03 1.330601488086165185e+00
5.521833871142734634e-03 1.560113555288555665e+00
5.223382023664566338e-03 1.348552723172463219e+00
5.297427026153394940e-03 1.334640665733511034e+00
1.034858455919941342e-02 7.928763174874075004e-01
9.805107299540228097e-03 8.031917856316126425e-01
1.295626598150437583e-02 1.995859986248272433e+00
7.016442488493951357e-03 1.223466279545299518e+00
8.099046872197453520e-03 1.295982855804201916e+00
7.821218653683506203e-03 1.503571562844921328e+00
9.325163344490395440e-03 1.607568103093481859e+00
9.417376888338211890e-03 1.592632070175740600e+00
8.501113859690604541e-03 1.459151682903178981e+00
9.878210400931961357e-03 1.417954795556399583e+00
1.000701965208703609e-02 1.442077743194436712e+00
1.292114519080921238e-02 1.169465195525274392e+00
1.830734270694966623e-02 1.073612631728294797e+00
1.835122141140081362e-02 9.480114467529305866e-01
1.385826989642351299e-02 1.076622740706857595e+00
1.857726273247656268e-02 1.096033222865397061e+00
2.063962148290113610e-02 1.169543213765459555e+00
1.987570733956651320e-02 1.027237795060629288e+00
2.580688415121890761e-02 1.014943477724883136e+00
1.717420265558941214e-02 1.105478473113955751e+00
1.473160292928226041e-02 7.874175532733934668e-01
1.923557971594441404e-02 7.742856080261124596e-01
2.403363065296922757e-02 9.343623183446509994e-01
1.590058061700837938e-02 5.416885551593110248e-01
1.518822984400154327e-02 7.218858823087028753e-01
1.638783531810747429e-02 7.367951947684673319e-01
1.634393199800574653e-02 6.768426618142940887e-01
1.592615725526553422e-02 3.751816572161397190e-01
1.004022464542904912e-02 4.599617118793093429e-01
9.014950002754899480e-03 5.052420152908670969e-01
8.655593670453471875e-03 4.956703653348545902e-01
6.500228618453359093e-03 7.033613531036216893e-01
7.883551874289917299e-03 9.582625257746792968e-01
8.055830074169637381e-03 9.702494145621939348e-01
1.387109347530203311e-02 1.404993149379216266e+00
1.548124554265630122e-02 1.530603935398080928e+00
1.223179470685671275e-02 1.213381871670030865e+00
1.202600812553356567e-02 1.198362175770870675e+00
1.711985054096272149e-02 1.429470781718370720e+00
1.813748147893275153e-02 1.493510634954104965e+00
1.985594618609947890e-02 1.912653808117869447e+00
1.562079255719013397e-02 1.302577167677422265e+00
1.545958625066596280e-02 1.292506768503849157e+00
1.281248182287766588e-02 9.558550456243851690e-01
1.137500048026599854e-02 9.480812098501665286e-01
2.129524721302993723e-02 1.367818623848550130e+00
2.141336426103518029e-02 1.366235688917004643e+00
1.917028041946374287e-02 1.058316694983177486e+00
1.207292248148897525e-02 5.389039376747740695e-01
1.292417402896239853e-02 7.037510076420472327e-01
1.153585199861838044e-02 6.087517424640631614e-01
1.159803573776499626e-02 6.185877748983403812e-01
1.005491989223959194e-02 5.047663020023673841e-01
1.625922754493996578e-02 5.466033332242130616e-01
1.231958642037299378e-02 2.834192490594072411e-01
1.043069242193974365e-02 2.738305520259193826e-01
1.248435855157770460e-02 2.354350699219252829e-01
1.260445557694650151e-02 2.295688255740187256e-01
1.082593958168458735e-02 2.831247284976986522e-01
1.243858967795776621e-02 2.864212119113789812e-01
1.234392335368520409e-02 4.516387400419089038e-01
1.502116957644559700e-02 6.598620622955927439e-01
1.702884477684438527e-02 8.766562172410312659e-01
1.684101693063076721e-02 8.483559795906220335e-01
1.633772174182833783e-02 7.210739200315460229e-01
1.401822493721790845e-02 5.761433902693632314e-01
1.128298857039484494e-02 5.077608925793268835e-01
1.115174061356810457e-02 5.376231227555333669e-01
1.184861286843926116e-02 3.321122484901636862e-01
1.001036350224244510e-02 2.263827184679994553e-01
1.018852637822192757e-02 1.020484330352056934e-01
7.554833927602990461e-03 7.505356331104739986e-01
9.292534682634750673e-03 2.258218454433622013e-01
8.550755739594601001e-03 2.768817828230513145e-01
9.350546913977656957e-03 3.342619852075809916e-01
9.504239734230255851e-03 3.382440208386346958e-01
1.020822378178271733e-02 3.668653682493495660e-01
9.236890951329679300e-03 4.815004575562152334e-01
8.468258457099359440e-03 5.301627458485479449e-01
8.668004814452271237e-03 1.329206080753773112e+00
8.696962107494916536e-03 6.332129406995506971e-01
8.842519524922213409e-03 6.241561878634028782e-01
7.945254912015408191e-03 5.175706901367665980e-01
9.341195922062943413e-03 5.260881331003159911e-01
9.413983210746925887e-03 5.315951538254122255e-01
7.691357872579874036e-03 8.151801439065197163e-01
9.545839479314744552e-03 6.581956757161151472e-01
1.026094671467748382e-02 5.216932711158468461e-01
1.046840338062063509e-02 6.229889939484636319e-01
9.908996288298964339e-03 6.666766386195782657e-01
1.079677209579529493e-02 6.062070529130835217e-01
1.081437906646784582e-02 5.168875602484264142e-01
1.069424063508972282e-02 5.296631061892875802e-01
1.023324266601488390e-02 6.198443236447414018e-01
1.117764957325697445e-02 7.915375911934933173e-01
1.107836041882526330e-02 5.818304861071662559e-01
1.127022560784655091e-02 5.933447143408121516e-01
1.043336227915854682e-02 6.579645385522878698e-01
1.207769117126007187e-02 1.000078171403639082e+00
1.106715903923764788e-02 7.955949098032875089e-01
1.205454328074409553e-02 8.598782145623390383e-01
1.510038326062597934e-02 9.166687520537917244e-01
1.074406400100964137e-02 7.280299912034865484e-01
1.023044764575687694e-02 7.327268417425837344e-01
8.098361318045347104e-03 4.505118772892404144e-01
6.677864528698515892e-03 4.449917337943246065e-01
6.568832047434539079e-03 4.422932987230477342e-01
5.787716758487247877e-03 3.865956918094440309e-01
6.066537778455171302e-03 3.374397531416578611e-01
5.222052755640711058e-03 3.650642751564037169e-01
7.004930478972507847e-03 3.287302640247852237e-01
3.933186611546180857e-03 2.407466949718282123e-01
2.427890457900386267e-03 3.339369351449414935e-01
2.514642910322703595e-03 3.195195800901068917e-01
4.393139257062859612e-03 3.230175300793796112e-01
6.124770722518196181e-03 3.118842875442971452e-01
5.509764097804768952e-03 3.243255023892199773e-01
4.926610263508372778e-03 3.450997698357218257e-01
5.259804249416680753e-03 3.651862562242710886e-01
1.260510860302358274e-02 8.743911678755607042e-01
6.849839162239048512e-03 5.032164632874447374e-01
4.686063543587376361e-03 4.297012254234329753e-01
6.173818019051491475e-03 5.987194085285797440e-01
7.552254417685202829e-03 7.625456771600224171e-01
7.614866928545388665e-03 7.574174238260082959e-01
7.545548394600788689e-03 6.959001244063653946e-01
8.206947051922009254e-03 7.545459110519930901e-01
9.519972049121182625e-03 6.978265143837264484e-01
1.032682550633338102e-02 7.029878760498604606e-01
6.855528243807220562e-03 6.771955089658235893e-01
7.019368728786103302e-03 7.850563236994135830e-01
1.851508618826067099e-02 9.635176647626001456e-01
1.910141788907402174e-02 2.384858005359989708e+00
1.240053619343320715e-02 1.051149307609080541e+00
2.190614810478878210e-02 1.128687863277085368e+00
1.673104288330574951e-02 1.098460010628257821e+00
1.283875619609496817e-02 9.370175342630844284e-01
1.930991385266504767e-02 1.942877806418915831e+00
1.530818151666523720e-02 8.811027740542090037e-01
1.434302303481897051e-02 8.252799709963105634e-01
1.071545550173478613e-02 9.856575023312008632e-01
2.007193422390557078e-02 1.426527533145909077e+00
1.335928551672959340e-02 1.094413072893901440e+00
1.323639055010653390e-02 1.095733723722407404e+00
1.204637273436626535e-02 9.132338391431729097e-01
1.369963561482306913e-02 9.142198549915827588e-01
1.086209184527402519e-02 7.826273216597987581e-01
1.252682716638921744e-02 8.145002866626849247e-01
1.252799107254084013e-02 8.058707272952351230e-01
9.360960622731140726e-03 7.856089386274954789e-01
1.153565954029083136e-02 8.918737876820527211e-01
1.090915958927514418e-02 8.691395445030100086e-01
1.349174247576560501e-02 9.407722910175482234e-01
1.361902529458051438e-02 9.278154403661028615e-01
1.423751777616583634e-02 7.925203979177749547e-01
1.350410936853558598e-02 8.068695913482006876e-01
1.320861439899362333e-02 7.616573101826171754e-01
1.336860275756675785e-02 7.644521071031702419e-01
1.203519698167678995e-02 6.651339674277660929e-01
1.187636531382437778e-02 6.997540357212057582e-01
1.158212713777260518e-02 7.762103765596052307e-01
1.149866917164387749e-02 6.903786097583405335e-01
1.139857667309954366e-02 6.871147186268726781e-01
1.143892749720985640e-02 6.176006913865755843e-01
1.029542799558733068e-02 6.034239070990868870e-01
9.869081764086249167e-03 5.402658585698907334e-01
1.641020071095473237e-02 7.688382184559890975e-01
9.543534639630592634e-03 5.451337666088799105e-01
7.979178626321947396e-03 5.320597374102912225e-01
9.276154066560828026e-03 5.168038728439079410e-01
1.041470742700286063e-02 4.774510753627470572e-01
1.793512135415159525e-02 8.519914268998064477e-01
1.115527291705267592e-02 4.298400488065876046e-01
9.679422511565789755e-03 4.414889623204574232e-01
6.667817517421462808e-03 3.690167781929559743e-01
9.720734409655953229e-03 3.534945446407060654e-01
7.878105353923347057e-03 3.505446210707442445e-01
9.681455358118731119e-03 3.546430084049135845e-01
1.000212132720488221e-02 3.440074024151902332e-01
1.011896710412909378e-02 3.843477452212285539e-01
1.064071675967770934e-02 3.978478112507036202e-01
1.038208814692330451e-02 4.207582285509385289e-01
1.072447071355430055e-02 3.020552988847274301e-01
1.150205282144948354e-02 1.447471827487283313e-01
1.157485808773942547e-02 1.673124636436232326e-01
1.026221536789483427e-02 1.681872815183198533e-01
9.517152445967538149e-03 2.660820920074150608e-01
9.452297425977574524e-03 4.130961483021363123e-01
1.006893135917378418e-02 4.134005346867627995e-01
9.884347532384436807e-03 3.381402090084234535e-01
1.078921723633220406e-02 5.191727800110805813e-01
1.198363021116760456e-02 5.558819659281837300e-01
1.173434026139524508e-02 5.870248193651383950e-01
1.177228902086737729e-02 6.049327433657190056e-01
1.143798978686016293e-02 4.787258276416704872e-01
1.259489600985273100e-02 6.416745688742350184e-01
1.172995237437055374e-02 5.924629850663926112e-01
1.142904173408327249e-02 4.667634875486919022e-01
1.117881874353038318e-02 4.498316961861834606e-01
1.038901873483111422e-02 3.425317264773143910e-01
1.107907442613347525e-02 3.940732861624117178e-01
1.161890730121268103e-02 4.763770331372179090e-01
1.203014032866054142e-02 4.454194194263297324e-01
1.115929304244343660e-02 4.599237811290533551e-01
1.219946565824429376e-02 4.993937324500987152e-01
1.148326931883694203e-02 5.667493324302929070e-01
1.158820767939642768e-02 4.493172585403504837e-01
1.122293306923652194e-02 4.951126940633667761e-01
1.170000902212808835e-02 4.337557447123678855e-01
1.084639525961045639e-02 2.620858076221042054e-01
1.027816649944687799e-02 3.827413286775095957e-01
1.004577687148117300e-02 3.347807339027299434e-01
9.688204720924605343e-03 2.855577374236629717e-01
8.287806229211668735e-03 3.410964335673535852e-01
1.619557102571094614e-02 7.896107356998611770e-01
7.782181590658337339e-03 3.170035741919319250e-01
7.097357386615541115e-03 4.173167395242406430e-01
7.316872643061279879e-03 7.207415574268318803e-01
7.065245311416184018e-03 5.462220219262594600e-01
5.737822399629360047e-03 4.573357747250988425e-01
6.441386947867913833e-03 4.078152228243442368e-01
7.454905531852334261e-03 2.926916862817334763e-01
6.867546469951671742e-03 3.492873958251158095e-01
6.790416290989773583e-03 3.521676330797647858e-01
5.846044870872696766e-03 4.259572015505478371e-01
5.592820694883667183e-03 6.201576634944598876e-01
5.738219507545617645e-03 4.196713245080968546e-01
7.439207182152299085e-03 1.991667291281753460e-01
6.825218862408790298e-03 4.201572599999139901e-01
8.479912144448608496e-03 3.877066356562954286e-01
7.615422484478602365e-03 4.758673001295060101e-01
8.571715541685875558e-03 5.548002709669290766e-01
7.755059659818293663e-03 5.274576356477650441e-01
7.435910958652044468e-03 8.384301728142451449e-01
7.439699671829390869e-03 8.461768362324075810e-01
8.048338226075604784e-03 6.723776368191187736e-01
6.565259950433816223e-03 6.718519324301541751e-01
7.029826875021462709e-03 7.184092800939662071e-01
8.630022343634333876e-03 6.596440215617047631e-01
1.029245788648208530e-02 5.591114268608037285e-01
1.199743344939685659e-02 4.421201241233755908e-01
1.073118769546519552e-02 7.077448211328700722e-01
9.771082909375361850e-03 9.219656563142689665e-01
9.575601384737056007e-03 1.056586239877083777e+00
1.078982956084389988e-02 1.012096058188174830e+00
1.086984408679524811e-02 8.101826841593928741e-01
1.276282817077662585e-02 7.774406264524238441e-01
1.345698388024293632e-02 5.617963522435640566e-01
1.404037744491619388e-02 6.010558663618712494e-01
1.483493621632440279e-02 5.543350394134305414e-01
1.521989559704885718e-02 6.082280208525563392e-01
1.489321447901826613e-02 6.272368522721439854e-01
1.450688171930115782e-02 7.083554852992905992e-01
1.599898743973121248e-02 7.997902953365098044e-01
1.636314404406360307e-02 8.039317450260462516e-01
1.601526993840041158e-02 7.406348499556455467e-01
1.447844491320044238e-02 6.855790886502982628e-01
1.603989660832773681e-02 5.215854071041587936e-01
1.364475547636973679e-02 3.244673752099801467e-01
1.210576297395512570e-02 4.864838584054496651e-01
1.834004007009373827e-02 7.170103371586914465e-01
1.316997608348363831e-02 1.555365700958433850e+00
1.589230895459250656e-02 5.811300559287592149e-01
1.357052873703641811e-02 5.607361181128583949e-01
1.580427081972005793e-02 4.688068944128798710e-01
1.398104159917213166e-02 4.407765492245931394e-01
1.251903806145732850e-02 3.487415826242936667e-01
1.293235757884781192e-02 3.537521310898852911e-01
1.316683906535388512e-02 3.796492323807664215e-01
6.663211722360312672e-03 2.673932926031607482e-01
9.335539292026557787e-03 2.696225771335645782e-01
1.326935279350341911e-02 4.459564225794930281e-01
7.290989343816687250e-03 1.480177799415508533e+00
9.736864756814978331e-03 3.054634830257669242e-01
8.092878361426761313e-03 2.367992222000314673e-01
1.164600239766274900e-02 3.518870237149029356e-01
1.432471188804313768e-02 5.191877306903958100e-01
1.082475379073252059e-02 2.998870480283966633e-01
1.000353735827064910e-02 3.060187869862899812e-01
1.201088762088682940e-02 4.683145935469837373e-01
1.142873171189893317e-02 4.276807866326416407e-01
9.011010907199653794e-03 3.068575005128552635e-01
1.186334521470258120e-02 4.431816053987073234e-01
1.203428094180326348e-02 4.055735967502004380e-01
1.165043956195782777e-02 3.641806743302550275e-01
1.235148704155493438e-02 4.832912545674222793e-01
1.367706804165502200e-02 5.118739565060478336e-01
1.502610002654995378e-02 5.705887759531812486e-01
1.401777606183470838e-02 5.759808525273857338e-01
1.606308842973639892e-02 6.922390957075171825e-01
1.758941552486490909e-02 6.648534712209991371e-01
1.703508653714631144e-02 5.869155990067442819e-01
1.887769621335081208e-02 7.971272962411415364e-01
2.126367417910752372e-02 1.060732680772296321e+00
1.882874238954062446e-02 9.774525095211560322e-01
1.840145136853418156e-02 9.969987574836772781e-01
1.565359502976004444e-02 8.326977391617705893e-01
1.483483360493622304e-02 7.945161350844254233e-01
1.645435370151639848e-02 8.981246762507807402e-01
1.550275994417986067e-02 8.180195449084545212e-01
1.234283511079657496e-02 6.878598149851300469e-01
1.323888817273742233e-02 7.934554142210651362e-01
1.272039688999774404e-02 7.708101378295680872e-01
1.377485466296752073e-02 8.217173001537861898e-01
1.314742210617634958e-02 7.324047042237358252e-01
1.387782340215471671e-02 7.565568007087798419e-01
1.156043183717688286e-02 6.654871075094402899e-01
1.218927493036556925e-02 7.273125581753104862e-01
1.082722849400904498e-02 6.351637673035476217e-01
1.228887442161864796e-02 7.528261166607186361e-01
1.343337694033861981e-02 8.054048738780547056e-01
1.519710734275266442e-02 9.381073149703534897e-01
1.426004507294626952e-02 8.961074297287083823e-01
2.280802780536067900e-02 1.234383377478660115e+00
1.422136453454709085e-02 8.863345914436459028e-01
1.453657994244706396e-02 9.202446873041492115e-01
1.501260837442683523e-02 8.953992502644408935e-01
1.449733695939231341e-02 8.563510292316361960e-01
1.457920080667343687e-02 8.721201600136478937e-01
1.421456646987637011e-02 8.621395632617362415e-01
1.629995614463066594e-02 1.008612196973004638e+00
1.625400386806669789e-02 1.037826714942989392e+00
1.619226907246253816e-02 1.029155741128537471e+00
1.506061432317769289e-02 9.273277938830744027e-01
1.657931059922238340e-02 1.044535258518743515e+00
2.045175457780438674e-02 1.122731772284365714e+00
1.740470224732719451e-02 1.101016296253438442e+00
1.774167753294871377e-02 1.119749492543652192e+00
1.872172330082935016e-02 1.267074402130549560e+00
1.901949833466870521e-02 1.279861417129199763e+00
1.778620523463523076e-02 1.206732702769806709e+00
1.726160490684039428e-02 1.115440979043240022e+00
1.764770565081333342e-02 1.108093828059948605e+00
1.878040637240656341e-02 9.695533487739192990e-01
1.456528588131688132e-02 7.716903087362849689e-01
1.422111629449852865e-02 7.666968084417833396e-01
1.588564869669530782e-02 7.772914826554271350e-01
1.589259894331813278e-02 7.839345913561172052e-01
1.891832806953396701e-02 7.884128573194980616e-01
1.706786418287708010e-02 7.376324899203732244e-01
1.564106292624811018e-02 6.913539108853702375e-01
1.434194377132626610e-02 3.641705497909634714e-01
1.366123877750617492e-02 6.337849573513006929e-01
1.557255198059552710e-02 6.763701599362862416e-01
1.843644818580462627e-02 7.599153966288728634e-01
1.595862602742150263e-02 6.337253770997193225e-01
1.468263682638373639e-02 6.712225977692380940e-01
1.489115422606497770e-02 6.814234705124583291e-01
1.595451093993184230e-02 6.746969586570078503e-01
1.699584863695190531e-02 8.171088622769930865e-01
2.239499524228921040e-02 9.805408264774891913e-01
2.274487691767224790e-02 9.701630016237117182e-01
2.145097643640741028e-02 8.721867925498039131e-01
2.838385830385807551e-02 1.355063956981616080e+00
2.830717508078395978e-02 1.272191006724227247e+00
3.016088265919907030e-02 1.469271251994660465e+00
3.538900499319641568e-02 1.637472149160378754e+00
3.378700056384923572e-02 1.616197473626734382e+00
3.010982601447798404e-02 1.527145009958913224e+00
2.566127368447988777e-02 1.514138296286726693e+00
3.060328926154572832e-02 1.557556194644256209e+00
3.329933982454052338e-02 1.813589764914946389e+00
3.819399817785196910e-02 2.087374770160979942e+00
3.502563127962919631e-02 1.964315415568342882e+00
3.811985539413623864e-02 2.240520795520360320e+00
4.086047023226298952e-02 2.418803732676489293e+00
3.599793934243673138e-02 2.107979854229367511e+00
3.631203770998277930e-02 2.118015445546637121e+00
3.759350283331055337e-02 2.090849981866727880e+00
3.554015597919109315e-02 1.873519424300065239e+00
3.575428318268051436e-02 2.000800349014294266e+00
3.804644188522254139e-02 2.060567422474700816e+00
3.571487201353919921e-02 1.782726488870858939e+00
3.211311563166404509e-02 1.565031181765084822e+00
3.102455227632948398e-02 1.476458032628154671e+00
3.098790051774881829e-02 1.470466833765847081e+00
2.696304926270856259e-02 1.234112619783151565e+00
2.882776285644243763e-02 1.346098222814304135e+00
2.785951484181645871e-02 1.178635050002101226e+00
2.599114077911010567e-02 1.156498698883593246e+00
2.580326836923618750e-02 1.147776285124806339e+00
2.492860455153511623e-02 1.238582917171381581e+00
1.923495850320489434e-02 8.640304661884583570e-01
1.817598849910723527e-02 7.758782170148437185e-01
2.107968603952005415e-02 8.442824262215590236e-01
2.165567085706731135e-02 7.880591205924816212e-01
2.151218025390427488e-02 7.933084655814097719e-01
1.641365221251347289e-02 5.640202556717613946e-01
1.683910607197784334e-02 4.305608762133378842e-01
1.535992581857215621e-02 3.708399462725521234e-01
1.228751358323236682e-02 3.861845284149385549e-01
1.225255321999578831e-02 3.950394256981942243e-01
1.444100160507776412e-02 7.330393080225324764e-01
1.873826380823943524e-02 9.251780954149843028e-01
1.506919167282981531e-02 9.572674779027431358e-01
2.075425653129246706e-02 1.396703458371852502e+00
2.370990305059186148e-02 1.548607097361285767e+00
2.261468329119480786e-02 1.449009552993386851e+00
2.657386622376489357e-02 1.700247393597210666e+00
2.181005265172956259e-02 1.371800736944619015e+00
2.468452551855060406e-02 1.567234846199219600e+00
2.847503154307560319e-02 1.803031841832926085e+00
3.678050215292110597e-02 2.280519254167226784e+00
2.582078977500380790e-02 1.619444427094722361e+00
2.723844199052220111e-02 1.790384180276428872e+00
3.364431589093615227e-02 2.220234621591407276e+00
3.450637293703181369e-02 2.246740418964950248e+00
3.399358597548735733e-02 2.223442318562077080e+00
3.528495664135999910e-02 2.298592854823811926e+00
3.421492581880723055e-02 2.357369253517330510e+00
3.488519618520692644e-02 2.388354913785923461e+00
3.695042300541794000e-02 2.528630198655496653e+00
3.590228887437956623e-02 2.429808701459406972e+00
3.954341176155444504e-02 2.599737115788773867e+00
4.029327860941685213e-02 2.673680538089420633e+00
3.528234612799838882e-02 2.409141173416700976e+00
3.616759101567784684e-02 2.456791364812013878e+00
3.829077751821554493e-02 2.541261259848821563e+00
3.712137644323446062e-02 2.501344931274721350e+00
3.526479465717578810e-02 2.128955599887207395e+00
3.428802543808198711e-02 2.336080217830176942e+00
3.692155086808446979e-02 2.458228301736520738e+00
3.362667297789281862e-02 2.251122695632090220e+00
3.317880965449928471e-02 2.264797193918473006e+00
3.718889699496599754e-02 2.467798827060771583e+00
3.773967763836700434e-02 2.492769239733696907e+00
3.854534231058307642e-02 2.570110365138785102e+00
3.826996772552496845e-02 2.552548203031145047e+00
4.124059464222692983e-02 2.727539042009290871e+00
3.672798248418955580e-02 2.430781455146814540e+00
3.654425081505111722e-02 2.423016002173386862e+00
3.715715745300854356e-02 2.459159749195433786e+00
4.305999897236544027e-02 2.795503252320672427e+00
4.051838783108659137e-02 2.677203445355220701e+00
3.709006680581120735e-02 2.624765911138450480e+00
3.402352209477810252e-02 2.427873129348686376e+00
4.188861261629369531e-02 2.820063924196323679e+00
3.701616290756828270e-02 2.620531293145512031e+00
3.635396201689731349e-02 2.663792587011157842e+00
3.552351544738475975e-02 2.616686529637638259e+00
3.591636117638340175e-02 2.629306498706640571e+00
3.815473147106680091e-02 2.770701655714949307e+00
3.176851988494436979e-02 2.453670050653412371e+00
3.518093896972714768e-02 2.670563372108772260e+00
3.410984560087505085e-02 2.521307166269683542e+00
3.272089004821891745e-02 2.556826722646912131e+00
2.950151642293458512e-02 2.276962046332724920e+00
2.741234523768215289e-02 2.041086437024059563e+00
3.128735205591317431e-02 2.432210903267605140e+00
2.575903314347207512e-02 1.896711947241245921e+00
2.948978860192295534e-02 2.117083519366866451e+00
2.755352890649619135e-02 1.912795448468997517e+00
2.067245527039487593e-02 1.681876746124331579e+00
2.079593959894085117e-02 1.735240077922608037e+00
2.026201372040714252e-02 1.661585796599405418e+00
2.071799569391410620e-02 1.662302970513763078e+00
2.339724796453946168e-02 1.719683841984750217e+00
2.157012157347135486e-02 1.530431847536520173e+00
2.694830641771680732e-02 1.811564452368725986e+00
2.903577136146196988e-02 1.924366046944252062e+00
2.063601331861137506e-02 1.330063484713385424e+00
2.374111228628357842e-02 1.443412975043584456e+00
3.872458288083507894e-02 2.327291330386035195e+00
3.377263996584300987e-02 2.161867059403589586e+00
4.056096448538996230e-02 2.393481270280887419e+00
4.194116830831919052e-02 2.518206843945014484e+00
4.524066200095427231e-02 2.759762094279644806e+00
3.667691154822812910e-02 2.239903746890754999e+00
4.837467872481230474e-02 3.138660583563070983e+00
5.247073714530652716e-02 3.408301557473592869e+00
4.243953927513328950e-02 2.769358191337056407e+00
4.156429647237827596e-02 2.714280458628172799e+00
4.365465637632703205e-02 2.833865244561710295e+00
3.695498061992983502e-02 2.354791174906820217e+00
3.640643550315636467e-02 2.304874465498405467e+00
3.856591909662655804e-02 2.409031217723995422e+00
3.457778152736367544e-02 2.178898776740800791e+00
3.738431707040523744e-02 2.210982790599886449e+00
3.575759479899764948e-02 2.076145895777192329e+00
3.621733107267335883e-02 2.182447147390081277e+00
3.550309805855392936e-02 2.092918187252519768e+00
3.948809701885147572e-02 2.272285690778321321e+00
3.299071640688368973e-02 1.983137970781331916e+00
4.979612685971444158e-02 2.684648705201158059e+00
3.280684517543714512e-02 1.862797439238061736e+00
3.123768537887794752e-02 1.817276545653070174e+00
3.174245873419075797e-02 1.782870290399900970e+00
2.934998678390207671e-02 1.720211746172415346e+00
2.728947081104498434e-02 1.541410181545912472e+00
3.493317200227050862e-02 1.795545798200833154e+00
4.031533606263972697e-02 1.848395807927487589e+00
3.799333774495836091e-02 1.482579878311091504e+00
3.619905245047012193e-02 1.089628764548946194e+00
4.402921632177100864e-02 1.489955430798731273e+00
3.627485496166813622e-02 1.126982605598307430e+00
3.734867771623909261e-02 1.167979595767210110e+00
3.022591332800583785e-02 7.034089509723524536e-01
2.809020146776692456e-02 8.088798513343157248e-01
3.089548532590467855e-02 1.125054826061443469e+00
2.668726093710795805e-02 8.071596434200198900e-01
1.726450506313555872e-02 4.260930861614655174e-01
1.431589567968297692e-02 7.425688074115397441e-01
2.070685535103122463e-02 4.119014424252742668e-01
9.358529411087479141e-03 5.080819198630822653e-01
1.802653673968239792e-02 3.187742162595254558e-01
2.938744303312333314e-02 6.839157626534805301e-01
2.215822622263501074e-02 2.858046252092611428e-01
2.205537025299121601e-02 4.883042248374442340e-01
1.941814336667923094e-02 4.456518146242173239e-01
2.172013107082321551e-02 2.854767088081230919e-01
2.012162192045566234e-02 1.398363072483796710e-01
1.590005821687225790e-02 7.664609950091126889e-01
2.249874598936876802e-02 6.422093165017827010e-01
1.852310053756918776e-02 5.620519770290798300e-01
1.693359503368553273e-02 5.975597285923957003e-01
1.996270014398384210e-02 4.168909558806516702e-01
2.105200542943236677e-02 8.298346873373464438e-01
1.610113083320117641e-02 6.936999904398511996e-01
1.881303201302431810e-02 8.390445306696037164e-01
1.666159659971107668e-02 6.827778978545694377e-01
1.837350330482227095e-02 6.444206319535791261e-01
1.815838615584925569e-02 6.085243895871088604e-01
1.971544624745954349e-02 8.771106702986848358e-01
2.127139061590095984e-02 8.733545088331372552e-01
1.933137988263182450e-02 6.711808883553923577e-01
1.519787737326287400e-02 4.761417486376918751e-01
1.644238073328793681e-02 4.902784413010593534e-01
2.150130057213611029e-02 7.312052827690679324e-01
2.321549399973402844e-02 9.793008046039050063e-01
1.922834301115618205e-02 8.409296546483416845e-01
1.871716723432653717e-02 7.749196287444223286e-01
1.442903775753032192e-02 5.671303900389219610e-01
1.861311448438863342e-02 6.786220206333164473e-01
1.926059896498642440e-02 5.912121880889266157e-01
2.018233804108638188e-02 6.952662818119663690e-01
1.399417385462806314e-02 4.009691521878696596e-01
2.080563647413493505e-02 6.116738103385255254e-01
2.114615299778774618e-02 5.375655409217958702e-01
1.680059329705494917e-02 5.288320986953036762e-01
2.301627875793695391e-02 5.634008328123993881e-01
2.055596912711651555e-02 5.426813929874669817e-01
2.200944342017374655e-02 5.438456599830155946e-01
2.205636171981449623e-02 5.745812021466151220e-01
2.264556698040195992e-02 9.176663768712935987e-01
2.456702281094988796e-02 9.014705406859074843e-01
2.233576531473431895e-02 7.798959734159963686e-01
2.205087175067233993e-02 9.458888235868589955e-01
2.362076402274716769e-02 1.051523988099756668e+00
2.368599406466679463e-02 9.318522808207333474e-01
2.351314186152403049e-02 9.641004048183784425e-01
2.545572689198395341e-02 1.045659982039708114e+00
2.212504020594485699e-02 7.362902315712547274e-01
2.528372361227230330e-02 9.444275584942642965e-01
2.504143688330136633e-02 8.651735500946459156e-01
2.467939701391756724e-02 8.195417180911124255e-01
2.490602615885267185e-02 8.284123601919959334e-01
2.167918269014288551e-02 7.408381161628637690e-01
2.168771139105893017e-02 7.296885078207122621e-01
2.260795674694118795e-02 7.413001061113115853e-01
2.174237472358480500e-02 8.966019288042778035e-01
1.939072639938704476e-02 6.352549462023980853e-01
1.989099935634484895e-02 5.889133563875424970e-01
2.166037503637488829e-02 7.549223304173243720e-01
2.395688111899219735e-02 9.089584548693082633e-01
2.105226336828369682e-02 7.926568243806190184e-01
1.800430330764176551e-02 5.945054633934826471e-01
1.718422864551188978e-02 5.738662805404778355e-01
1.591210211571689528e-02 5.203886624910525338e-01
1.079435813934541237e-02 6.831702949742111119e-01
1.274049446813238680e-02 4.533251026455482613e-01
1.196801785423703447e-02 5.932900941990680854e-01
1.068386955306221096e-02 4.954068980380390563e-01
8.833563140498762803e-03 5.640464525320625366e-01
8.482619531580162103e-03 7.047997354203179299e-01
8.355476753307696305e-03 5.533339276752653468e-01
8.554887574048831642e-03 6.338565716094451963e-01
1.240285415923611523e-02 9.093777811375226561e-01
1.476704844424543348e-02 1.009433251716149949e+00
1.460250838946249713e-02 9.432535503713240788e-01
1.337464567625866983e-02 7.877864896677249096e-01
1.242880992798903010e-02 7.009561864366758988e-01
1.314636679276865762e-02 7.845952684701659186e-01
1.506147059546654801e-02 9.822370846109590437e-01
1.439221328773438759e-02 8.160445520746679726e-01
1.471779837588314301e-02 8.525339454203216816e-01
1.477504905579293468e-02 8.764968048878110096e-01
1.532994157447661529e-02 9.353431013853636955e-01
1.470414062149795649e-02 7.920346731184324529e-01
1.286454042221550111e-02 7.000057209363605981e-01
1.477273403530207467e-02 8.380968398872665759e-01
1.450945307141732026e-02 8.243271587075308160e-01
1.318249769282778434e-02 9.144537340469707232e-01
1.222740015143641661e-02 8.572113623347417111e-01
1.232559364930518701e-02 8.717173472529934353e-01
1.183161424887002079e-02 9.078291136690056495e-01
1.275947758965347185e-02 9.624386621272995601e-01
1.288335252782360149e-02 9.612018222897561470e-01
1.054784274368202913e-02 8.200924665274227365e-01
8.999322355742253934e-03 6.442619992321018119e-01
8.235041550217293838e-03 5.286599691462677830e-01
1.085011922923212989e-02 7.657747751308555673e-01
1.402844094794271530e-02 9.621888822557980170e-01
1.301556679919458302e-02 7.237984388917079182e-01
1.201405188670904602e-02 5.762280685271797820e-01
9.907613945141302905e-03 5.871797267791100117e-01
1.147101712132366988e-02 5.304096997630690646e-01
1.001165476269050801e-02 1.939551083386423513e-01
1.036475112280055462e-02 2.426746554946976608e-01
8.973013487276580366e-03 5.858292480405514757e-01
1.093715268106956219e-02 7.362111759057554661e-01
9.832648212064476478e-03 6.312086200720308238e-01
9.876372077504257802e-03 6.785753940295975450e-01
9.937557964083514050e-03 6.607678044093325820e-01
9.720271054619018455e-03 7.068368571983327797e-01
9.680212072058713701e-03 6.938180982399229091e-01
9.133828972964202347e-03 6.826601502716279635e-01
8.269767367399528252e-03 5.701717335661932173e-01
7.703872468699624748e-03 4.271563979072861006e-01
7.324585547684947517e-03 4.637575557272847759e-01
7.146787742683380004e-03 5.315177023865044204e-01
6.509182130482377149e-03 4.354365787653431408e-01
6.613398196628543675e-03 3.454486990507356081e-01
6.930073764899556156e-03 3.403801805093363830e-01
6.923936438385833170e-03 3.333789685724798946e-01
7.246663915605095624e-03 2.880220241296286288e-01
7.156523487862395151e-03 2.063117426049260461e-01
8.752400434057771086e-03 3.623734115062346994e-01
1.107273471412622938e-02 4.076687254984067144e-01
1.029224711131872423e-02 2.886619825677047557e-01
8.434440778939499353e-03 1.781921292601570117e-01
8.334662670588402142e-03 1.662038891955426034e-01
7.868988168132043381e-03 1.450446260648032282e-01
7.424510538909270992e-03 1.084477033305697308e-01
3.914507472727389581e-03 1.771359152199663833e-01
5.636502478768386747e-03 2.474355482526486016e-01
6.843990774155051145e-03 4.075337335140386541e-01
7.590277117381058307e-03 4.042499283834812274e-01
7.135183565425117121e-03 5.296107376393143218e-01
7.165717858068475915e-03 6.208954829795094721e-01
7.846319355146942273e-03 4.519582804666457676e-01
7.437454660304183320e-03 5.839185409064719945e-01
8.686874717572894145e-03 8.206384155481000198e-01
8.177821284192471687e-03 6.923584892724358175e-01
6.872827552689633399e-03 7.892803145316181768e-01
9.678566435946157204e-03 7.404842591181871603e-01
1.127810303244980439e-02 7.460873148390109177e-01
1.600782377304583656e-02 2.051350322946695393e+00
1.010294750990494914e-02 7.651641565080218310e-01
8.311780211150818568e-03 8.689649837305826185e-01
7.011072648346693310e-03 7.784480646632652157e-01
6.630460221332557663e-03 7.915132072305052224e-01
1.007869299515434282e-02 1.016913569950583351e+00
1.005688848831056900e-02 1.056885807129400501e+00
8.516596207748861058e-03 1.005980778712207924e+00
8.579841534810469725e-03 9.597611946297760488e-01
1.123592880161391680e-02 9.516319429235539085e-01
9.587875462251375241e-03 1.680724298442935360e+00
1.107056490274166242e-02 1.026169616432146547e+00
1.335416337712979143e-02 1.037115773419327924e+00
1.117823877686098359e-02 8.911743871314486976e-01
8.478400918288048552e-03 7.741569184649323976e-01
5.403294525640016215e-03 6.857853853427495761e-01
1.993360984107875669e-02 1.768930200713487055e+00
9.011605797340022789e-03 1.278975765401543896e+00
9.181103187026652332e-03 1.291829679736646419e+00
2.004118750605103291e-02 2.219655464658406796e+00
2.038311366092974627e-02 1.281185876710353666e+00
4.849112881233908628e-02 2.356216825144282101e+00
4.820109041110751807e-02 1.495920661324216194e+00
4.939658615293369970e-02 2.367249662113728448e+00
4.067723951935126037e-02 1.812150944358171589e+00
3.202598999614958419e-02 1.333818539251621749e+00
3.694336954324931033e-02 1.680290124510686045e+00
3.895423629040610514e-02 1.853944363118164906e+00
3.932697428924082639e-02 2.681028300239883144e+00
3.930671937510552688e-02 2.109930101155603754e+00
3.220125467890110754e-02 1.861235389730360623e+00
3.276946814117560197e-02 2.024053940788390182e+00
3.263606472706023776e-02 2.228288060737729115e+00
3.280441434830046188e-02 1.875621645696174955e+00
3.583229386241024855e-02 2.006543838004381186e+00
3.040006196960975612e-02 1.792118398024252102e+00
2.312264125068326515e-02 1.641917472329890826e+00
2.318617078265186940e-02 1.653559864932479861e+00
2.734084615249105302e-02 1.747530468744707743e+00
2.637647595323169142e-02 1.920159834686940847e+00
4.004694329491026439e-02 3.577370781295088786e+00
3.943535909578837345e-02 3.658617840183201686e+00
3.924012230679159441e-02 3.611937013465012392e+00
3.870546405586773597e-02 3.436961663567209335e+00
3.639990782121600710e-02 3.088955299760622442e+00
3.636081196144162753e-02 3.064498509970837947e+00
3.329137701578892966e-02 3.045511506011035152e+00
3.220707004406748314e-02 2.830916307628102313e+00
3.345397575057398876e-02 2.893445646653630465e+00
3.742476853124871577e-02 3.157596468356632879e+00
3.155886158310416273e-02 2.666089700487480840e+00
3.072098972039584777e-02 2.574644696174305025e+00
2.884149782531065728e-02 2.258159794560410383e+00
3.005083761721236493e-02 2.324090787822145288e+00
3.007880959574297727e-02 2.315409089988161195e+00
3.527651097824686943e-02 2.640835074622739587e+00
3.843342538193204178e-02 2.904623356011991397e+00
3.417337614599207096e-02 2.651799343537275977e+00
3.336666829289681308e-02 2.581863190504536831e+00
3.596168108905491156e-02 2.708496642287163247e+00
3.136498104007736515e-02 2.401372389643712690e+00
3.144205635166436030e-02 2.398945438713272704e+00
3.249532109043563877e-02 2.510263597282154091e+00
2.914049174348645743e-02 2.333144139653847482e+00
2.937999561032897736e-02 2.365109148471205014e+00
2.738647507489470889e-02 2.327832972697929215e+00
2.868210483897325191e-02 2.507543180586518705e+00
2.473965460441622174e-02 2.245612737105888712e+00
2.442226512594838916e-02 2.213916810877190500e+00
2.730120682589539868e-02 2.462136287796854894e+00
2.491132662885969101e-02 2.279520853432853933e+00
1.949804606201797907e-02 1.576744926033664562e+00
1.938466449844143680e-02 1.853584380006718213e+00
2.140186691342742253e-02 2.034719815661426345e+00
2.372758098609754548e-02 2.219072365825881299e+00
1.943644715042103926e-02 1.896939587662307636e+00
1.914027489401525645e-02 1.857892211017043937e+00
2.486791388011391421e-02 2.248669275411365298e+00
2.158542184261595318e-02 1.960898179440972777e+00
2.176626477973675824e-02 2.003248210825478104e+00
2.592381876420101622e-02 2.303309507341779749e+00
2.605365422784004098e-02 2.403688765542031813e+00
2.325470002231846967e-02 2.122121311352041850e+00
2.429163734215512155e-02 2.222789558402214372e+00
2.329498959025761914e-02 2.153976847399867722e+00
2.359521074848270825e-02 2.178708906518822097e+00
2.243980940552906672e-02 2.128333243515863948e+00
1.901111028563994346e-02 1.849970428370957265e+00
2.010873638582326775e-02 1.946530074723451520e+00
2.062710460272073471e-02 1.914810981338294305e+00
2.093580586268041846e-02 1.948782086772311573e+00
2.005179517945746698e-02 1.903016897044845557e+00
1.929719899877270148e-02 1.819350360093458852e+00
1.751652409275095482e-02 1.691960326807803616e+00
1.736725455889100850e-02 1.684248065130152128e+00
1.795712881556305734e-02 1.727795928458351948e+00
1.685918209402053475e-02 1.723910602825748484e+00
1.266477436480413672e-02 1.309827637633619535e+00
1.253268207344305010e-02 1.298092677489570024e+00
1.184309213531241529e-02 1.204227448078206253e+00
1.301134117832745442e-02 1.208347359063761006e+00
1.233381276253348383e-02 1.155831973507459587e+00
1.340923828082599828e-02 1.139498989758653824e+00
1.204889615277833503e-02 1.148220246362048558e+00
1.202210977597869407e-02 1.163933793062116306e+00
1.192136767601950642e-02 1.149296239665634989e+00
1.385692665460280283e-02 1.324984498316108317e+00
1.508500399233135905e-02 1.212944381489992951e+00
1.525443926261628100e-02 1.222743236806320022e+00
1.541231079749007943e-02 9.918426457963200882e-01
1.622784287919674939e-02 9.462585518771289284e-01
1.344819194252994468e-02 9.326440783633572762e-01
1.394333265764683381e-02 1.143471724076706941e+00
1.069603137924896204e-02 9.892773267522173564e-01
1.257498303732388148e-02 1.129195238671219848e+00
1.081523157556905576e-02 1.163825601461352166e+00
1.150131014451126997e-02 1.163896916370283252e+00
1.230672007566576028e-02 1.224762125237816468e+00
1.422606744086018192e-02 1.378797888586959841e+00
1.526145630358856885e-02 1.399569811324492541e+00
1.419883159238812149e-02 1.376523108427111008e+00
1.395615882347844665e-02 1.356394184479042142e+00
1.316334584585190925e-02 1.151180736496548063e+00
1.486303887555943427e-02 1.488943468203097531e+00
1.470383031485581436e-02 1.516799071257690201e+00
1.325989344211685357e-02 1.373260851123430104e+00
1.619728878410007719e-02 1.409086040077374147e+00
1.338801142289321525e-02 1.344148187791790461e+00
1.280179561897010730e-02 1.327094553779073927e+00
1.212595414725932061e-02 1.327172855746795666e+00
1.548214344605674392e-02 1.528129198323865401e+00
1.517672966872708751e-02 1.574486759804057945e+00
1.660454138818476949e-02 1.763187035131163150e+00
2.101184657746519094e-02 2.020714617424792525e+00
1.602421320245014241e-02 1.684490927837435592e+00
1.367701416822736903e-02 1.424914614807776481e+00
1.666552446329858800e-02 1.754709344420842365e+00
1.623396123844749947e-02 1.704757303939983260e+00
1.680701234285296441e-02 1.726718434535755575e+00
1.488882922867591253e-02 1.577649877377871102e+00
1.345196447348882655e-02 1.420919170264348219e+00
1.702132615424740286e-02 1.733187268923073843e+00
1.705372721575328099e-02 1.722713512108787981e+00
1.630473846429390458e-02 1.591977063910760659e+00
1.880138041925568174e-02 1.839577757365514099e+00
1.780050536533716102e-02 1.705428865596615218e+00
2.132569831325998103e-02 2.057583305735578350e+00
2.178613418473181185e-02 2.135487542703348396e+00
2.184041666226731876e-02 2.150922101826036048e+00
2.239424112881674075e-02 2.045893304542306002e+00
2.256437865546205568e-02 2.184064349882384626e+00
2.201237972121039208e-02 2.217085631743719532e+00
2.259292816231558976e-02 2.244090549755020092e+00
2.307789716266045107e-02 2.309375968067474805e+00
2.371338384097142898e-02 2.349660350491664218e+00
2.406085539793837574e-02 2.366414399692350123e+00
2.743168024740380920e-02 2.660088760961369037e+00
2.722147227248966975e-02 2.609388799046949092e+00
2.832698479136036562e-02 2.675788187016554076e+00
2.844950403145982479e-02 2.706671065032736134e+00
2.794993945848342140e-02 2.670383271091976152e+00
2.918638546862144592e-02 2.806526699508005596e+00
2.837659721610794744e-02 2.683095073664732766e+00
2.719606040041600351e-02 2.571695356988515258e+00
2.857016061372951235e-02 2.647296784479095777e+00
2.792013122490160509e-02 2.682687022534303800e+00
2.746474591718947242e-02 2.580426122321719973e+00
2.990634857448934772e-02 2.755050612894150319e+00
2.485940014123436126e-02 2.425622475889904095e+00
2.796049984154917734e-02 2.539886386149152298e+00
2.802819030166993353e-02 2.552223040469282278e+00
2.548644381285076338e-02 2.435381169541360080e+00
2.285237031624584234e-02 2.182356296745740831e+00
1.995926796921147772e-02 1.934531877112661613e+00
1.659339200915399201e-02 1.594463824407185149e+00
2.808472160048860328e-02 2.358052896003199006e+00
1.953555880114019039e-02 1.589929771729649666e+00
2.126373047339984168e-02 1.857585371630700255e+00
1.746240063223135006e-02 1.605903488702822735e+00
2.215777908985819972e-02 1.736865955835265263e+00
1.832284132401552912e-02 1.505851369989883892e+00
1.802255010996285309e-02 1.697495914820607021e+00
1.915714416604091461e-02 1.723626922008865359e+00
1.773989997818850931e-02 1.623418202438708269e+00
1.700367980615375210e-02 1.620163880169678272e+00
1.371383103702503332e-02 1.421948669100328022e+00
1.405971011358972574e-02 1.242422383303712463e+00
1.602171368937550799e-02 1.449875523261460852e+00
1.251037577253608438e-02 1.166383989514878872e+00
1.667226569733702007e-02 1.390824979978028120e+00
1.693144923183668299e-02 1.460898909727812445e+00
1.486432119588437274e-02 1.174583319016973881e+00
1.657813956753508011e-02 1.231306723016929450e+00
1.714768837573613439e-02 1.210906953707381994e+00
1.420817033369002960e-02 1.030720339450262202e+00
1.308808939403047211e-02 1.049140583010189642e+00
1.416995401782467773e-02 1.133863233321576347e+00
1.817179293873465162e-02 1.679571481580096837e+00
1.911700592775041757e-02 1.815040556268357586e+00
1.700907616463642746e-02 2.033772744178899305e+00
1.547072195549878057e-02 2.126466932737751669e+00
1.862021409974663061e-02 2.258750929603656754e+00
1.808741529108767038e-02 1.851704964395075592e+00
1.881484675977768833e-02 1.783451919063414381e+00
2.017025866509053814e-02 1.939732775485316418e+00
2.189223874034648687e-02 1.621963166518027855e+00
1.786289434184300945e-02 1.366355957648747399e+00
1.946232863943178626e-02 1.887367994582247910e+00
2.303482458131946714e-02 2.057414752218162945e+00
2.522464559050761196e-02 1.662640861259065517e+00
2.329825857964098329e-02 1.306109624793413415e+00
2.245278431363405269e-02 1.379775163446274266e+00
1.532741427077469187e-02 9.625026622858724457e-01
1.730340063887006799e-02 1.031122578440754056e+00
1.897791266466452437e-02 1.087790122168889928e+00
