4.853256741992222068e-02 5.785452689771630741e-01
4.453652180025300528e-02 7.868006694185633032e-01
2.972206882765801583e-02 6.858480520758091226e-01
4.595289616799257126e-02 4.529141408533493562e-01
2.440841069509260344e-02 6.287786766582268427e-01
3.435965790773298778e-02 6.576512874270867837e-01
3.790542060984699452e-02 4.807097229459859622e-01
2.800659987810130008e-02 6.021860448842494273e-01
1.929538268682272698e-02 4.405858353804088523e-01
3.346986045772621515e-02 4.725459983240188344e-01
2.519497213096953681e-02 5.604769631026238486e-01
2.378294691541076727e-02 3.889438091609573878e-01
3.751067065830537145e-02 4.466868982897587714e-01
2.970058278063851878e-02 4.108920578837543802e-01
4.488609162246029460e-02 5.990180412952061939e-01
4.607960021392801253e-02 3.567156622089162066e-01
5.339648923257933610e-02 3.198419794056292509e-01
4.769407287024129277e-02 3.850005642343446999e-01
2.539287557658916061e-02 4.966711584264744128e-01
4.677820632676228663e-02 3.450870504048203502e-01
5.011355671411128754e-02 3.817777834143067928e-01
3.980632210436790830e-02 4.839418107085394216e-01
3.861949629554094904e-02 4.130573726781376354e-01
2.523698390714220960e-02 4.091057688551079097e-01
3.768400459178978396e-02 2.866153586313821555e-01
3.781294077200447745e-02 3.924120656419190500e-01
3.331707806571625879e-02 3.840211522820747292e-01
2.874579752182630094e-02 4.546844814038894511e-01
2.614132365340038691e-02 3.761989508459628317e-01
3.835434779998438126e-02 4.767912860841160283e-01
3.412672241869144085e-02 2.541462489501480349e-01
3.020023376331253465e-02 4.419477757439359555e-01
3.017214594934867350e-02 3.942985705687303000e-01
4.011884700095082884e-02 4.210162985794701496e-01
3.174407368926636386e-02 3.772080596994601964e-01
2.970690056138063431e-02 3.853996279076341014e-01
3.888414429708998699e-02 5.835493042581032519e-01
2.337732267289850674e-02 3.500213555493887907e-01
3.693820531236197136e-02 5.367172312184843586e-01
2.736798705929455178e-02 5.540938585946841854e-01
3.265314214217086147e-02 5.702677988977046253e-01
4.449879937319802664e-02 6.934132843896555487e-01
3.560093431932033481e-02 7.768484296570000724e-01
4.243554961254912550e-02 5.727692456656984232e-01
5.593008904746297333e-02 6.681052540077585533e-01
1.094648929156288690e-02 5.312579413254615579e-01
2.809256838979732468e-02 5.661443271213514317e-01
4.294125844466193526e-02 6.160912057636178663e-01
3.790783554224836510e-02 3.929430548459540429e-01
4.320151100902620833e-02 4.976732954062539349e-01
5.071958160705123536e-02 4.232355858598673692e-01
3.093333910910927437e-02 3.565548213752672835e-01
4.596816019848542351e-02 4.254728419293236086e-01
3.907968237170567072e-02 4.374561140905566248e-01
4.236620365135529420e-02 4.596675752348242106e-01
3.657871380557437685e-02 5.415093253108598237e-01
2.783054511791911018e-02 4.618886462288024908e-01
3.949918214784326614e-02 5.293945684498375659e-01
4.473448675145195313e-02 5.293863053451055567e-01
6.158340051225839884e-02 6.602928536953426297e-01
1.939867241639252685e-02 4.203792804298385200e-01
3.493198897738659936e-02 5.547506018181652676e-01
3.919110120092084149e-02 4.874901515060819923e-01
4.402375653069563050e-02 2.633072368070132896e-01
2.974013382779900835e-02 1.860822739819091021e-01
4.047179805558555332e-02 5.146465602743779399e-01
5.178021632953747760e-02 2.520725522680599684e-01
2.539926652481297106e-02 2.846648998871192937e-01
5.120138178891306402e-02 2.198982738560026629e-01
6.047493729264383916e-02 2.433381685578090703e-01
5.867433517540100035e-02 2.216296197427558012e-01
6.412424152668963484e-02 3.775437174911533411e-01
6.718147934529954124e-02 1.099019587029089889e-01
6.836358963993140192e-02 2.272709273937390251e-01
4.520994881153204276e-02 3.813458475763928379e-01
4.327659768626219983e-02 2.823458949950483632e-01
5.418135966443405477e-02 3.979308348598665779e-01
4.170528859512256242e-02 5.374531397507736896e-01
4.882062839710490931e-02 4.214177942049461834e-01
3.646364133103295602e-02 5.300051808129260245e-01
2.963157916618578899e-02 4.982333862351180920e-01
3.543661842488207009e-02 4.197730825462182569e-01
4.651273306351891290e-02 5.083836599139852641e-01
7.902306541253441285e-02 3.877366827710910790e-01
8.171427060696261069e-02 4.333684346317330793e-01
7.889492254869824583e-02 4.291581339671191597e-01
9.132262496639446947e-02 4.691996217511097966e-01
7.856843826481822723e-02 4.610698189163055516e-01
4.608441339160623818e-02 5.071629248335153273e-01
9.293453131194023831e-02 4.927856108270745605e-01
8.502920063733329648e-02 4.732279403508181659e-01
3.492516423556655397e-02 6.598977099641204491e-01
3.686350029440216280e-02 6.097291749640654235e-01
5.732649923389800811e-02 5.337953299253332951e-01
9.136291228856992241e-02 3.410642651096035260e-01
6.233023092339391030e-02 6.195452025186793943e-01
4.496837435100747155e-02 4.686953880661682281e-01
5.907989635624279201e-02 6.122713815813308758e-01
8.549575956288441025e-02 5.922049373480839929e-01
6.207023073438436289e-02 4.634164587752049869e-01
7.535596408977092431e-02 6.163098694691262480e-01
7.952550727484923587e-02 1.209188290840000235e+00
7.456594893545799574e-02 6.098265774197449973e-01
5.843517375927669705e-02 4.045617895493771043e-01
6.258339313196911724e-02 4.301792863825900093e-01
2.112941990447141788e-02 5.806048616152705844e-01
1.669118086023171216e-02 5.480262009100110854e-01
3.054060278923521193e-02 4.132453357836504693e-01
1.106731197796720356e-02 5.391705618504617492e-01
1.968279917303317542e-02 3.391737247332249350e-01
1.274250091074905812e-02 4.255405751989980168e-01
2.538023307209365600e-02 6.797129693821941654e-01
3.416834893726276162e-02 7.119930227434956294e-01
3.078548458719375033e-02 7.734461685165820999e-01
2.794868402581110467e-02 4.478636563881531196e-01
3.737672342436940132e-02 6.021416839492518269e-01
5.296656013153432790e-02 5.170501600032920697e-01
3.699986612678940467e-02 4.584417392287221116e-01
2.693828126475172544e-02 5.608474776133267614e-01
3.595081442760202778e-02 4.867714307012547259e-01
4.327271833881651819e-02 5.025403915709850677e-01
3.815858518206845240e-02 4.455695892429423211e-01
2.549591090742208202e-02 5.915062773058596957e-01
3.132975708815464305e-02 6.165706235746080122e-01
3.999307024844388214e-02 4.810723088121433011e-01
4.001018134571748819e-02 5.569221099163303990e-01
3.377418716074884891e-02 5.545972535895155042e-01
2.740873714445658457e-02 5.246254375160523953e-01
3.257528917739341279e-02 4.872501917317531572e-01
3.293080892390413267e-02 4.826284136202240727e-01
4.170014375168274584e-02 4.269499481659196904e-01
5.532413785917876525e-02 4.030113630131078595e-01
3.654922396133761936e-02 4.559873551047941564e-01
6.014460532664902409e-02 4.127718496931671588e-01
5.489647520882375703e-02 4.801954063442153142e-01
3.787780098407100143e-02 4.569726786186153467e-01
3.518742312134233441e-02 2.816282257541534162e-01
5.376877678598517701e-02 3.316361314510266056e-01
4.176017486636499076e-02 4.742569549223265013e-01
6.629878827093944882e-02 3.625547848869218326e-01
5.863358565609477768e-02 4.722474104709205589e-01
3.197802387681264458e-02 3.986763080367693446e-01
5.620170298796944852e-02 3.230575223079584224e-01
2.002938752015009580e-02 6.622311618328688976e-01
2.367947441320363347e-02 5.391097910196237519e-01
8.617511916676914852e-02 2.865095516920405649e-01
2.106960419969649764e-02 5.383441043540391213e-01
4.063176915569161052e-02 5.608488628827356104e-01
2.344514319227283469e-02 4.473966227976118315e-01
3.607948716833270231e-02 4.205573636992920861e-01
7.105384611127280037e-02 6.332424342325836397e-01
6.812060399762563667e-02 5.053133553797864996e-01
4.158426912754727145e-02 5.711036870165926427e-01
3.825973037646555885e-02 4.786412625061107762e-01
4.300619845604602975e-02 4.333953447794258174e-01
3.797875343143455179e-02 4.685354944227234086e-01
4.680673532257694641e-02 4.022110486476833113e-01
5.001146776449474224e-02 4.607353031715616387e-01
3.763001089676480670e-02 4.464489457124640737e-01
5.247574876333298971e-02 3.709633747004913440e-01
6.792531781988400685e-02 5.148381226963680835e-01
4.931807078138594064e-02 4.921528982617202619e-01
6.484009391445259840e-02 6.057252769177073892e-01
5.563065378575741959e-02 4.751993437001955090e-01
6.139563714661518817e-02 6.288542401993195696e-01
6.206766402092658147e-02 5.212823940445747706e-01
5.007391530596831675e-02 3.295627653152821690e-01
5.285200055703411642e-02 5.190091904102390741e-01
5.578735877852215169e-02 4.913978387268519987e-01
6.030384788421684628e-02 6.720326775170857303e-01
7.385733449363723890e-02 6.364157011068849457e-01
4.923865532541799039e-02 7.982852432391022157e-01
6.683958316250399045e-02 4.640382209736822472e-01
4.818712997574369633e-02 5.558336844835888302e-01
8.145023190588510098e-02 7.500751975867590016e-01
6.135373723741931878e-02 6.685008651643672417e-01
7.259731274927713751e-02 7.317355818585227212e-01
9.176344955829672523e-02 5.923852096953234891e-01
1.135432183987750698e-01 5.400177097254420522e-01
9.810600393460280899e-02 4.462295981458179739e-01
9.880626782748730408e-02 6.185211309456593032e-01
8.338640553792910082e-02 3.731290354111120866e-01
6.637439080635902655e-02 4.767487615763029707e-01
9.018668397011037063e-02 5.015243350922597987e-01
9.231671926810429418e-02 9.024670094555675703e-01
8.601924321956391783e-02 7.602807615066231595e-01
8.289769473221118845e-02 5.445463491870731199e-01
8.402140774149725877e-02 7.135468425601223519e-01
8.570850359825638032e-02 6.839471584923143554e-01
8.805860076226534883e-02 7.459994287649054368e-01
8.360747152721627329e-02 7.896446414675236669e-01
8.231333425713724394e-02 6.913342978502768910e-01
9.190752322787067163e-02 7.555208273411432307e-01
8.538967074069495067e-02 7.650108962141661806e-01
7.683794661047668728e-02 5.352672078659650445e-01
7.464136297332676917e-02 6.444718811976283268e-01
6.845743575824814187e-02 9.487160788865116601e-01
9.368831536848615249e-02 9.395498785210962822e-01
1.024399700588983636e-01 8.836291410530754398e-01
9.383971608257106467e-02 8.456984216140728261e-01
8.787510111161581094e-02 8.283514869217574184e-01
8.888290103952191379e-02 9.212042556375499291e-01
7.565218888528257857e-02 7.555659063466471093e-01
8.610931934792237508e-02 8.875342621976305413e-01
8.734705457728587918e-02 9.617239416920527750e-01
1.025383419853274497e-01 8.260078665619510208e-01
8.575504147411046330e-02 7.969348407941511114e-01
1.069403368276583555e-01 8.659694011681239312e-01
9.101316849552440469e-02 1.000298241103552588e+00
1.167471503947893480e-01 8.598479674967834940e-01
9.158893972338401357e-02 8.377724721415759079e-01
7.460823548933719074e-02 4.091791194366965478e-01
1.005390365766625632e-01 8.941300766200546146e-01
8.490501061281008344e-02 6.774868288641752168e-01
7.757170499001578290e-02 7.776202792928214036e-01
9.114277882301330402e-02 9.794413319690148390e-01
1.116260442033769618e-01 1.340027615605814182e+00
6.158200000083428188e-02 7.435720647515859927e-01
7.198909813329740226e-02 1.076656137167622207e+00
6.010905735789263266e-02 6.341801475860658899e-01
9.825127607483565007e-02 1.032756420048787760e+00
1.325324756332540987e-01 9.429479372342710608e-01
7.319996309766244047e-02 7.525599081805597335e-01
9.388240100127845378e-02 3.791366397348577832e-01
6.440996839544831098e-02 5.132920826697120464e-01
6.352685039359841357e-02 6.822532760621630166e-01
6.590960437329237975e-02 8.465917807549434571e-01
6.500203254319868174e-02 6.911034467552072957e-01
7.107524414686666736e-02 1.368693044580566065e+00
7.222003183642600188e-02 1.093532181093533451e+00
6.151175481256888206e-02 1.070560873444316163e+00
6.588077890832853833e-02 9.476635996750493174e-01
5.048779863672977347e-02 7.522342555982969303e-01
5.444618183441238268e-02 5.594638649791496832e-01
8.895919743494114240e-02 4.815606818512903065e-01
9.524572746005670332e-02 3.445267657257681249e-01
8.637067897827015173e-02 3.227257979313200020e-01
9.892641945869462550e-02 4.982920358796088522e-01
6.297637780287067277e-02 2.265218532206221547e-01
1.046830456302436929e-01 4.089086990022216539e-01
1.095971686789988520e-01 5.597161139303742372e-01
8.023556943475766701e-02 9.788469345637182961e-01
6.957420872010308677e-02 1.048153694442845785e+00
1.395939512655211823e-01 2.000913143949107464e+00
1.021903871290752441e-01 1.667389582555399041e+00
1.099978374466527020e-01 1.611330420212680803e+00
1.246187570105730391e-01 1.198869330392218435e+00
1.203307195266482277e-01 1.607107510843241771e+00
1.319410771261772530e-01 9.014313093519188413e-01
1.145456694215910010e-01 8.503417911515231964e-01
1.328032344968615719e-01 9.863687204170938916e-01
1.223181307429962450e-01 8.809540721554364184e-01
1.130827875418370793e-01 8.746105617715762559e-01
1.225401239805302411e-01 7.929362689403879338e-01
1.220292527111898895e-01 2.424035098399223376e+00
1.059203351990698899e-01 1.361500341858654206e+00
1.047643700184127807e-01 1.114630029017979806e+00
1.250923594347947421e-01 1.721061685405047559e+00
1.179861194433580174e-01 1.192267193860109931e+00
1.038406756365698597e-01 1.083956601357000782e+00
1.177477321079246353e-01 1.056030603406800994e+00
6.921161697792350964e-02 1.140264508488920692e+00
8.899962550941500905e-02 1.186488380608754500e+00
1.025392217517922949e-01 8.649082833564998296e-01
8.502975874632111297e-02 4.700972619084530790e-01
6.022684393717334106e-02 1.102696991897225809e+00
8.831586288133817797e-02 8.783564068525565594e-01
7.983016704678301545e-02 1.054908419303754341e+00
1.127884392619536574e-01 8.738613119500497906e-01
8.074102067310647002e-02 1.286609098735938206e+00
9.487952657439971405e-02 6.720191282060363758e-01
1.249517982251425463e-01 1.092306304663169136e+00
1.170992209289257180e-01 7.976320093298173708e-01
1.473876820135209542e-01 6.803565044587636113e-01
1.431092054904425370e-01 5.394153637245705513e-01
1.308089453511303568e-01 5.335770687918793831e-01
1.748945378501636227e-01 3.274364954250657544e-01
1.764038873146454300e-01 8.280352485204839352e-01
1.614065610361314906e-01 7.117890610763299986e-01
1.761989767845912880e-01 1.035809257908790748e+00
1.648149690095749853e-01 1.055126871950802458e+00
1.907005140691772904e-01 1.141182710347294682e+00
1.839888246562921825e-01 9.684466583756025093e-01
1.816952361268792948e-01 1.260993637737211737e+00
1.762955897872012789e-01 1.262772942849398117e+00
1.550208402355542914e-01 1.429830931037606279e+00
1.895798167868066597e-01 9.534296940209514570e-01
1.699345136553109814e-01 1.239698124506281030e+00
1.770485471168092295e-01 6.657697984955193160e-01
2.040469069940221147e-01 6.449782843167375379e-01
2.020631601274017197e-01 3.098704241361427969e-01
2.073382435689320735e-01 9.053169751787438768e-01
1.649041711063677640e-01 7.085290736212269680e-01
1.817801665257570698e-01 1.013801415629685065e+00
1.984635940322516667e-01 1.595526989184512967e+00
1.676973387330681908e-01 1.180992730433757520e+00
2.129804927981015505e-01 1.207917226826324075e+00
1.954885904883442160e-01 9.266495066567888017e-01
2.310381718901523274e-01 2.110686372409646072e+00
1.284157039724528604e-01 1.817948296176850498e+00
2.401769347932392329e-01 2.040085540573007616e+00
2.456148845426693317e-01 2.459021964562761564e+00
2.483805971645274280e-01 2.300836633672362019e+00
2.942127172073937258e-01 4.289072358789693951e+00
3.047959311941165761e-01 3.248419304557459419e+00
3.166174058850851902e-01 4.400731044067648590e+00
1.864590864765369727e-01 4.655353664642011502e+00
1.661372948741426658e-01 3.896576178137836965e+00
2.943794072918385907e-01 3.774146460180928919e+00
2.441914495141478125e-01 3.043732904766547787e+00
1.021371701563896645e-01 7.130145777718432498e+00
8.816711480822670977e-01 1.743245115018909175e+01
6.552642821971467191e-01 1.167321503584991405e+01
6.259245177733074872e-01 1.242269929977224585e+01
5.384805116764028732e-01 1.158270899166300083e+01
2.447291084070916389e-01 4.831190180430201764e+00
5.351344852712033306e-01 1.412767649694467131e+01
2.518742929352581483e-01 3.193499492608387502e+00
2.641795744912889821e-01 2.394877539439513647e+00
3.194829829203673088e-01 4.382624006150822815e+00
5.608376366688913039e-01 1.375359500159565940e+01
4.232672615159077112e-01 1.013770406793366163e+01
4.363324314034359164e-01 1.001034470197921067e+01
3.016990554576644001e-01 3.699232473730163395e+00
5.202817542938071860e-01 1.527514985646901557e+01
5.140483150621479869e-01 1.508205021555407477e+01
6.746964707736367028e-01 2.042533326377136049e+01
2.404505373145236491e-01 5.848548493917602897e+00
1.892756580125025401e-01 5.884914592938074840e+00
3.817840773379778674e-01 1.102622793553132752e+01
1.946186170617646427e-01 4.416549579741085196e+00
3.319119993884814823e-01 6.158252383006982633e+00
2.880251989856375539e-01 3.678501568719386494e+00
2.573799562128908369e-01 4.009444022900255256e+00
3.421238821679352116e-01 7.711611470986207806e+00
3.391097542973688372e-01 9.241359722649550079e+00
2.678375072945195501e-01 3.488280456615646230e+00
2.995645376503522916e-01 7.267783651631997799e+00
3.209649973700798853e-01 9.460658948186200234e+00
2.403003297426309359e-01 2.408731210895334041e+00
3.382428280613580251e-01 1.013962407166198254e+01
2.144095884245576511e-01 2.345579056583773525e+00
2.106633545736738278e-01 7.895233613139506446e+00
2.427575020413033635e-01 4.973377855071141163e+00
1.944232732394490515e-01 7.227606237403850997e+00
2.560684136636711683e-01 9.437207113665460056e+00
2.430145286305732122e-01 5.671569923387461465e+00
3.174499228052033994e-01 1.183456082093809236e+01
2.449543605331065133e-01 5.625115974760109161e+00
2.696900126531125430e-01 5.136364836379357257e+00
2.682280009840158908e-01 6.837470830825230550e+00
2.414564351517682617e-01 4.965643884849985312e+00
2.256422681672617392e-01 5.907465077707128032e+00
2.854206911753285336e-01 5.988676919222425177e+00
2.546833646058984657e-01 6.002241010988990766e+00
2.347412104940571620e-01 6.216949646720563827e+00
2.334117655616312903e-01 6.605925642767537909e+00
2.429355444050115831e-01 5.977849632865537721e+00
2.434725702256757829e-01 6.390617845563170363e+00
2.416465641831468392e-01 6.472851891872442920e+00
2.370553782196570258e-01 3.244200342199758502e+00
2.444552262704340062e-01 8.804201310069517561e+00
2.502362412066926889e-01 7.930386823021006393e+00
2.229046679470493841e-01 2.165497918195510962e+00
1.982081671004352064e-01 4.560003238402880577e+00
2.309523647118368883e-01 1.000820703087278885e+00
2.195719366476922563e-01 1.682250505349352832e+00
2.229953514242955237e-01 2.482860284240908655e+00
2.205452346092343086e-01 2.975622153353674193e+00
2.563545667030598385e-01 7.770719133707760795e-01
2.173383963599482271e-01 3.181947686826384736e+00
2.198987441394309184e-01 3.730045085289940499e+00
2.001419364703741210e-01 2.301599371075120359e+00
1.971549603481795032e-01 1.839596458833687276e+00
2.084599745025330353e-01 2.791518009168693748e+00
1.869168947802065661e-01 1.312355450373330346e+00
1.898734114339626633e-01 1.130175259004277288e+00
1.734883301070374306e-01 1.576622078128244953e+00
1.519056100213712901e-01 1.118729250119618213e+00
1.509360189121389528e-01 1.151637197900642562e+00
1.625260838233230920e-01 1.058574086769432210e+00
1.729792117855861733e-01 4.656762882368947198e-01
1.740371127108205629e-01 4.918287614785774586e-01
1.610527258588231314e-01 7.578008461870120449e-01
1.764974935591833438e-01 5.614743821452474748e-01
1.922088923438338426e-01 4.269912931265767986e-01
1.783683721145559176e-01 4.823318553826364541e-01
1.811776079370201464e-01 8.769704122673054325e-01
1.929836076372928033e-01 1.173557321161802447e+00
1.643137555165221642e-01 1.125486689291114173e+00
1.560310092334595833e-01 8.840811753518890148e-01
1.533858705720097804e-01 9.206950849027910611e-01
1.770743627663359243e-01 1.106967066682833734e+00
1.473522719635861067e-01 6.409363493614278484e-01
1.561095853172840831e-01 1.070917465468284258e+00
1.390966269691154278e-01 1.074360937862821386e+00
1.650112540712213305e-01 8.831978982122917765e-01
1.477555935440597601e-01 1.284159529233380947e+00
1.498293311515677129e-01 1.100505393955961697e+00
1.393622583576159812e-01 1.318153399543534832e+00
1.423289611369245034e-01 1.242423326968382868e+00
1.649286169686123293e-01 1.398620071446807112e+00
1.428720977232499079e-01 1.733658485099693447e+00
1.455417421902208130e-01 1.677593147481081459e+00
1.482218528245998479e-01 1.972155144547532934e+00
1.677145738776155970e-01 1.446136569920771997e+00
1.340119285836519347e-01 2.084078478659928013e+00
1.501343263652150373e-01 2.013425384153003872e+00
9.296453698951151479e-02 2.061815365802219358e+00
9.889618143188033672e-02 2.100496976778608360e+00
1.146605273807657921e-01 2.070276813424551499e+00
1.675620996493742132e-01 1.286982304282843215e+00
1.689656377132003062e-01 8.767055924381567111e-01
1.210956956643675780e-01 1.523277895474838939e+00
2.043745595504408430e-01 9.519007960357926956e-01
2.159452818114981354e-01 6.003686680916109353e-01
1.815616182224265851e-01 1.025323690335980809e+00
1.824881474118179303e-01 8.438990862008367566e-01
1.792878204612311233e-01 7.708803727571580389e-01
2.086808088293325703e-01 6.172765405500998392e-01
1.914973539736008479e-01 5.913818700919896143e-01
1.990981007189019103e-01 7.352495453445537787e-01
2.035602646488499090e-01 9.742529890129079106e-01
2.222223202281363719e-01 6.929151295570602498e-01
2.125998708168606310e-01 7.564272364982448371e-01
2.250131304380267039e-01 4.895711312321560649e-01
2.094716455576185188e-01 6.516975700246118164e-01
1.933241572027082078e-01 4.546584138183198398e-01
1.974861631684706464e-01 6.644005100069434455e-01
1.864668181398556335e-01 5.008535138215679527e-01
1.867596630067616947e-01 7.472570232800705980e-01
1.879303496558288045e-01 5.689529713896732677e-01
2.068851726696387672e-01 6.248326745298113938e-01
1.790348145339105690e-01 6.160760499218216335e-01
1.885823807624171511e-01 4.586209793823178282e-01
1.629246364574221950e-01 5.180343956068446110e-01
1.296278184781936016e-01 1.142026096149281633e+00
1.336043743776879344e-01 9.672332745812687316e-01
1.313477485839399661e-01 8.676400053150349345e-01
1.604616634744713832e-01 7.801428772268532708e-01
1.702016217138361265e-01 6.479773251061701211e-01
1.467571899827480320e-01 7.895011792989314880e-01
1.243649265950885763e-01 1.018160770521758351e+00
9.032845521234245112e-02 7.754156005299628340e-01
1.092085967907116956e-01 7.115563806191939067e-01
2.152049040273969205e-01 7.667405779512412867e-01
1.187570156668939503e-01 6.693064329821365455e-01
1.246119359632115731e-01 9.354281805968586161e-01
1.234104734025870814e-01 6.254723164541631242e-01
1.332147072202782001e-01 7.778645838059747852e-01
1.274713072733872077e-01 8.898885090284334165e-01
1.325779308466704387e-01 5.467056482468574119e-01
1.648346441464845213e-01 2.417933061360548308e+00
1.894496864006204873e-01 1.288781844798557508e+00
2.134398572254931348e-01 7.830302518830229985e-01
1.584035740053738317e-01 1.676370073835683927e+00
2.140656151866241197e-01 1.881503592232602662e+00
1.692088567211341432e-01 1.468561914509237676e+00
1.964554367092208043e-01 1.227072678428758667e+00
1.634086067384580843e-01 6.902773604774787852e-01
1.456772031931125588e-01 5.919998696914747782e-01
1.286601715614433261e-01 7.769208816105621640e-01
4.798057428806591640e-02 1.194113115794986246e+00
1.193976241854025899e-01 1.218914480678431778e+00
8.607791356318662823e-02 1.019573361096878239e+00
7.757274097321294193e-02 1.462938634001066385e+00
8.671454889392138377e-02 1.700385006322538972e+00
1.536955900002451997e-02 1.412565853293354934e+00
2.027133102051678903e-01 1.121875428472022485e+00
1.899298280695796148e-01 1.658186011740997445e+00
2.095823248216459600e-01 1.510552010681460278e+00
1.808542834664756682e-01 1.817002339683550849e+00
1.683722095966410925e-01 1.801051389039035389e+00
2.162711347845802656e-01 1.575075342393418287e+00
2.585588716437519086e-01 1.968302873653804852e+00
2.438157283947877396e-01 2.122693867143237156e+00
2.790128344329906862e-01 1.761567354617932457e+00
2.599314749544213154e-01 2.162173161565943857e+00
2.246112560711167883e-01 2.141122100353090474e+00
2.233028150442411541e-01 2.074347605192363719e+00
2.214931217361033600e-01 2.844651714650638041e+00
2.489670688901848283e-01 2.744991277713880518e+00
2.200868172323586780e-01 2.665700177299648477e+00
2.605938615491684152e-01 1.977748026525912195e+00
2.280872370107822622e-01 2.135541804491450257e+00
1.653550922827995984e-01 2.645818032803414876e+00
2.019599299165664719e-01 1.960707767223451858e+00
2.284526699627818791e-01 2.075131327617502297e+00
1.931024697163263582e-01 1.793300929326020920e+00
2.188227933756689558e-01 1.842344855290158900e+00
2.017800454763956086e-01 1.704227139496524934e+00
2.066669815880441130e-01 1.878023902459450722e+00
2.265803538434913722e-01 2.198169781291518632e+00
1.992659744700388535e-01 2.179182592733713175e+00
2.136307528178596205e-01 1.964637342367618889e+00
2.052065601571006759e-01 2.617269347883828257e+00
1.909095947277569538e-01 2.784920639648713614e+00
2.060299430810513810e-01 2.770311127498035209e+00
1.871277142787184378e-01 3.251842151049492369e+00
2.640731456508074171e-01 3.115636399214980479e+00
2.416342113227859523e-01 3.108395392571280169e+00
3.256051072094033882e-01 3.859227702594918874e+00
3.084530281593684808e-01 3.896146812098835177e+00
3.598654366845771002e-01 2.810336594245918196e+00
2.622424362092680150e-01 1.809333537648621038e+00
1.815689400608191117e-01 1.516748947084125332e+00
1.471614027668648461e-01 1.200346157145350423e+00
7.329802170529567396e-02 1.327310345784293411e+00
5.394388961028703799e-02 1.348549631871101884e+00
7.537934666003587303e-02 1.644522789671087448e+00
8.097527462106945961e-02 1.183904571354097213e+00
5.951750734436495049e-02 1.126060500152266997e+00
8.547977104487648747e-02 8.702378217322566112e-01
5.369450436005177019e-02 4.275438870824337934e-01
5.789867513461759846e-02 6.593028928721311743e-01
6.913602915263297732e-02 7.103261269574092651e-01
1.532908942229378457e-01 4.804921148258575192e-01
1.309008436980368950e-01 5.235377089359825042e-01
1.435708232877728197e-01 4.957799228757915344e-01
9.105841910296527675e-02 3.135007231055766397e-01
1.327843341708157543e-01 3.985595534626688585e-01
1.784653093678943425e-01 5.387121995981550837e-01
1.053162050627277635e-01 4.080979151212942302e-01
8.773217319147917637e-02 1.170007950845827344e-01
8.749613917501279647e-02 2.980088820957158546e-01
1.362580901239530129e-01 5.626316620175988437e-01
6.872260337538460551e-02 3.562477348932414078e-01
9.575123117670632233e-02 4.714160866532160488e-01
8.535831237233171276e-02 2.505711535415219293e-01
9.958296060796077709e-02 6.411820040220633787e-01
1.230599365913462306e-01 2.509850399278923394e-01
1.082331370466998871e-01 4.333624293718973952e-01
8.691863884324127487e-02 4.879928206516236933e-01
8.231413772635690074e-02 2.177134187084018568e-01
1.539417153060581578e-01 5.703621100721165682e-01
1.443532681846589893e-01 7.943734557155613940e-01
1.388546349467323360e-01 5.624138093656564363e-01
1.822966023280385983e-01 7.640762373446948752e-01
9.283767305578144446e-02 6.551658019518625808e-01
1.574743290468466617e-01 9.883044429987979385e-01
2.824248718029391814e-01 7.654397514332311747e-01
2.788902105981977408e-01 7.195183858637557162e-01
1.994713947652178299e-01 5.833734660229633606e-01
1.906835796051761234e-01 5.829923059852558653e-01
2.340039293959784994e-01 9.741637346253146923e-01
2.423535471758432314e-01 7.533478320142199536e-01
2.973594424916840562e-01 1.013724361318801392e+00
2.224874503976727869e-01 7.740968950788631453e-01
2.766284497542614851e-01 8.206351339579035509e-01
1.818506194371930784e-01 6.264418698361486904e-01
2.725604884039929954e-01 1.369588838689083765e+00
1.764844751532722300e-01 1.200618305796093077e+00
3.195265277702112883e-01 5.321036052336806099e-01
2.070824514519282455e-01 3.243308661755949784e-01
3.294218007511347523e-01 8.797816740514428080e-01
2.923798338342163960e-01 5.823305294887095584e-01
2.530867012098211299e-01 3.705584694665813306e-01
3.817771901023283010e-01 1.170513694814574679e+00
1.968340020635113985e-01 5.643637076565610755e-01
2.066185133221000725e-01 1.029112013611041432e+00
2.110333283597165266e-01 7.632768438665169519e-01
2.127335226612555308e-01 6.263469563432514375e-01
2.431315209706519376e-01 8.095678732715351211e-01
2.181132103262232724e-01 4.792198808646190855e-01
3.308491385580685784e-01 1.065312357508310992e+00
2.719723808547118149e-01 8.215655207313750097e-01
2.659475923255325558e-01 7.049986271829876694e-01
3.163457570218829451e-01 1.579293851108893421e+00
2.894352406827652713e-01 1.565589042996209823e+00
2.553723802936022635e-01 2.123560775205568962e+00
2.554808664319389577e-01 2.000475332970321762e+00
2.453976153418127581e-01 1.218294168771268060e+00
2.383174304904568663e-01 1.972176168904719473e+00
2.340318027966920011e-01 2.671644310154342339e+00
2.473400350612985077e-01 1.474407701384791380e+00
2.560583660817891127e-01 2.161477147113707975e+00
2.436404033716599027e-01 1.599563816786091275e+00
2.382688027510311835e-01 1.596384388457668058e+00
2.107893179044017795e-01 2.581849996448343454e+00
2.494537300072665609e-01 1.403907962282855193e+00
2.629200185406497803e-01 1.621334176841127794e+00
2.615145232961051391e-01 1.234900390996439334e+00
1.674380141757027540e-01 1.579309783524643684e+00
2.211120649897949653e-01 1.218746089489565643e+00
1.819443409517970955e-01 1.294924058518201804e+00
1.110985667895110912e-01 1.692254086880708996e+00
1.626977765794888897e-01 1.222235457869951247e+00
1.837907221685546322e-01 1.603820080695976369e+00
2.089247407589341354e-01 1.223415212073478475e+00
1.621277215495450230e-01 1.171777890290122803e+00
1.844362590330179685e-01 3.158299025531936532e+00
1.515774636042270529e-01 2.274570870168977077e+00
1.040305294808715336e-01 1.827708368429060704e+00
1.504612839504738120e-01 1.596460648320188636e+00
1.342712421647771215e-01 1.860517850806145290e+00
1.507875883918002313e-01 2.760610944097185548e+00
1.525479010784442369e-01 1.909328902030132058e+00
1.497436443061575251e-01 1.165448814719938664e+00
9.300684415139909289e-02 2.210873923244732087e+00
8.378215186258676506e-02 1.912156114337919099e+00
1.340098292130793844e-01 9.473359830485124089e-01
1.850066634070814120e-01 1.247279115450371512e+00
2.533317266531845413e-01 5.849089890635210676e-01
2.974749523596770251e-01 1.682624427585742044e+00
2.722606538141678079e-01 1.864018672212871097e+00
2.363672259793054842e-01 2.154777178652209635e+00
2.251124375273481359e-01 2.830685148205038804e-01
2.300904733900762666e-01 1.153340422832044521e+00
2.094103611187358438e-01 1.850723839438397356e+00
2.643061082838453202e-01 3.103966232908552669e+00
2.551633673739253094e-01 3.223347325950608688e+00
2.623070180503790927e-01 3.985682038057889454e+00
2.976914666550899424e-01 5.081446993623033315e+00
2.356372596290658150e-01 3.632278392776334019e+00
2.212584629288718574e-01 2.544957284926108620e+00
2.059189276602067797e-01 2.825638227133816294e+00
2.796828776771749236e-01 5.354984671338650415e+00
1.931183835813849448e-01 4.220048615656764923e+00
2.144040357778946859e-01 5.061218189484979035e+00
2.756926096264044612e-01 6.460721016753361745e+00
1.524117803545418925e-01 3.342895721899047157e+00
1.979403819472356774e-01 2.088502371706844940e+00
1.814743369777971072e-01 2.795112459437021801e+00
2.649407397584154777e-01 1.209290745088779317e+00
2.727904261679279241e-01 2.005853635035046878e+00
3.821384622025191247e-01 6.268707978204274944e+00
2.190165632840093413e-01 2.241019654420860263e+00
2.451093323336339669e-01 2.875667469950409671e+00
2.659693452762073029e-01 3.449596862691660881e+00
1.677896218718985810e-01 2.875265698868722186e+00
1.576993537067049866e-01 3.717810476500087891e+00
2.144137394613581660e-01 3.975419225747078844e+00
1.260090453348856887e-01 4.085767577017279883e+00
1.864948114114160227e-01 3.908092041428641306e+00
1.410260265367421217e-01 4.376261174936452392e+00
2.067474427094555256e-01 3.585155268392594685e+00
1.773510856668297775e-01 3.443682899777938733e+00
1.568297996627908975e-01 3.802076666195679078e+00
1.623865153999843325e-01 4.052251969775325868e+00
1.161719418646791346e-01 2.706417627075910382e+00
1.463265862804567496e-01 3.607005538928665267e+00
2.190242100334351960e-01 3.121070373618071159e+00
2.148130073860206601e-01 3.752819675178633130e+00
1.832725540533938213e-01 3.439133460282635557e+00
1.569156266812780920e-01 2.674306302436888050e+00
3.129903758039863093e-01 5.436940928791036853e+00
1.625521150304285734e-01 1.644924933207568163e+00
2.349038736433294861e-01 2.857075385557839020e+00
2.586672704756851626e-01 3.159762479371007071e+00
2.686829547506982552e-01 4.015527013143442403e+00
2.653536130923782599e-01 5.078313672814332769e+00
2.442468054166386238e-01 4.320627652623893589e+00
1.694511126395411016e-01 3.603041880298836652e+00
1.522174448816576986e-01 2.776197951617062287e+00
1.671980861533055585e-01 3.454857796422345917e+00
1.900989629048739915e-01 2.904084349000016996e+00
8.253827515834748219e-02 1.825414501087273766e+00
1.694951101129399951e-01 1.013544478131889193e+00
1.572020682548462278e-01 2.464082354490764182e+00
3.867318374273096548e-01 2.089041794747293235e+00
9.694226477848807977e-02 2.778290530038381778e+00
8.749683434671365334e-02 2.381179583460627303e+00
2.494258395874704437e-01 1.067847525429300504e+00
2.025648992963954564e-01 1.172253006797561392e+00
1.826108126841057555e-01 1.319103161976340699e+00
2.481259301938998074e-01 1.571463408387501870e+00
2.173732956373821412e-01 1.264435905038291619e+00
1.663245032132429357e-01 1.357855387236108990e+00
1.324969825478261309e-01 1.138036071084623346e+00
1.342922667547996884e-01 1.131973059329256293e+00
1.376096858722764271e-01 1.364118157635571205e+00
1.373152492228114363e-01 9.927816810907672540e-01
1.135203194890978262e-01 1.076215139094835349e+00
2.156711489816264538e-01 8.677977127132597834e-01
1.661212547629294378e-01 1.111914995523399785e+00
1.542828293872638701e-01 9.479215652996443309e-01
1.314902349438697715e-01 9.013103313043385745e-01
1.088557450321006592e-01 9.060768739229650981e-01
1.100932827982999962e-01 9.810342953656593368e-01
7.428716832199347420e-02 9.497792934841646773e-01
6.440723093863358339e-02 7.385578711421733056e-01
1.037485210838891975e-01 8.663973679467650291e-01
8.006450700632036788e-02 7.488582985899627786e-01
8.874647640697434781e-02 1.174816096200137716e+00
8.223551211453478116e-02 7.057001630410940640e-01
4.205516616351662185e-02 7.556618635436143094e-01
6.972758617096799783e-02 8.294525777594464744e-01
6.669344860146020348e-02 7.448156334913180743e-01
7.319161177926984674e-02 1.139845953233784348e+00
8.823448731455699190e-02 1.009678053945076259e+00
3.691868726095074577e-02 7.258549444450890231e-01
1.095808099523947338e-01 9.844378715330978080e-01
1.108834789551620958e-01 7.684884249453887151e-01
2.147804826749906415e-02 7.642370443974307870e-01
4.967713012994779548e-02 7.574338028475718909e-01
2.880475994389776126e-02 6.194447283489145084e-01
5.171623049607337180e-02 8.059137621647167737e-01
3.854374184649810714e-02 8.520082649934938024e-01
6.654168049841172050e-02 8.955773380370681824e-01
5.335573719329440856e-02 9.520587404854337077e-01
3.935654800613197501e-02 9.677234495066212583e-01
9.058995666944244518e-02 7.905874077370078634e-01
7.049007131217081834e-02 6.574036664539431030e-01
8.298034243763403872e-02 5.209201629102244713e-01
5.457460376668092639e-02 5.883192476150012062e-01
8.693179245799541321e-02 6.184565289412659039e-01
7.923293039036352625e-02 6.367293912185867377e-01
5.783953087652990432e-02 7.974848712193002287e-01
4.370584132721982290e-02 6.262321176695181402e-01
3.320459018821448477e-02 5.925912999564433292e-01
7.723701455657208670e-02 7.878750419751083811e-01
4.967972397759389674e-02 7.332622749276145324e-01
1.113851720532681167e-01 7.262318681926237529e-01
7.947432418661533327e-02 7.775588196458600443e-01
6.963803498870542452e-02 8.870394069376844604e-01
5.580748149364462424e-02 7.893919114046848984e-01
6.728879835270526466e-02 9.881612648431628010e-01
2.272247636026709233e-02 8.197351643190059489e-01
8.368520871728178656e-02 1.279634642055194060e+00
7.960302596145037157e-02 1.002093025130365911e+00
4.413735645160873911e-02 6.630154177493162715e-01
8.669759178227993968e-02 1.309774568620265311e+00
7.528734614913189238e-02 6.670919868007672004e-01
9.118819168950245690e-02 1.158793739741764250e+00
7.193582867623510291e-02 1.007819509285760029e+00
1.498847755157754202e-01 1.259739523194340238e+00
1.114426347515716648e-01 1.508750464873590325e+00
1.005747308505717946e-01 9.950954879445772505e-01
2.090835070930039397e-01 2.670801894850858282e+00
1.121144946531260345e-01 1.444659781708916402e+00
8.085679680862727092e-02 1.049091754466659143e+00
9.213825776289380487e-02 1.204568154960240944e+00
4.661957067135041877e-02 1.699278502259175427e+00
8.216424106930794724e-02 1.462405041151089380e+00
1.179063659678422499e-01 1.596704013298682279e+00
1.087680608465205478e-01 1.168607814707879777e+00
5.716684685830519114e-02 1.532812937099253148e+00
1.044898692565659204e-01 1.051369360599653913e+00
1.213427498042681657e-01 1.092225212724411865e+00
1.446221462318176276e-01 1.384407584650905410e+00
1.417119769223310621e-01 1.467010399771442541e+00
1.389511051192365010e-01 1.470923823775363015e+00
1.383366643562007059e-01 1.554292080024931577e+00
1.408215391051526599e-01 1.228196612650444663e+00
1.386782560161549105e-01 1.435521249153566714e+00
1.207528736971817812e-01 1.357759110989404716e+00
1.593935258076970285e-01 1.617778554479941233e+00
2.110954738221009763e-01 1.601142945778926796e+00
1.478809811030120380e-01 1.295221837256599784e+00
1.506733624430088292e-01 1.409016119949953794e+00
1.793821841282681462e-01 1.418199264432878914e+00
1.773222254240629792e-01 1.308135988244220060e+00
1.554716636100051119e-01 1.224832322915941907e+00
1.395747890998237095e-01 1.110154286914479149e+00
1.471600965866164679e-01 9.972335468907340683e-01
1.640315731899622265e-01 1.365507388056688587e+00
1.848596855091334812e-01 1.692721689623333026e+00
1.746130301383168326e-01 1.640111355604441323e+00
1.641511037961610464e-01 1.354064567343429504e+00
2.112061150060501880e-01 1.863016604042225799e+00
2.478378353988824889e-01 1.840340235043940176e+00
1.303403934424159083e-01 1.668980414363775200e+00
1.702023184672380174e-01 1.852491219877303141e+00
1.477403604284554806e-01 1.599198965393987537e+00
1.542419567563191596e-01 1.830881329982654293e+00
1.297968981391745824e-01 1.815311524716310299e+00
1.242000124149778423e-01 1.704550572094919669e+00
1.233293178192792217e-01 2.131025187993732750e+00
1.389989531170181536e-01 1.977957627156121889e+00
1.373486646786706289e-01 2.057831926633576280e+00
9.931596422592253726e-02 2.331680308962929438e+00
1.146998014270644989e-01 2.029964525301158673e+00
1.325267540758494067e-01 2.493620077141761815e+00
1.225385230567155176e-01 2.409009854534345685e+00
1.280340523437051292e-01 2.191933885608783328e+00
1.109581707089999647e-01 2.497158259745874798e+00
1.523924092772770689e-01 2.246473861841391084e+00
1.453341598600320084e-01 2.193725804062892859e+00
1.676624337620273020e-01 2.275435340329699851e+00
1.272364195932911002e-01 2.393549899455460483e+00
1.501254021463953592e-01 2.073384802589445464e+00
8.850286060172844749e-02 2.047212456384841950e+00
1.115320201646273351e-01 2.390092979836620390e+00
1.181796692743402044e-01 2.163556998227322392e+00
1.561953771259692314e-01 2.421437991999079831e+00
9.778750705909738938e-02 2.028213184587575046e+00
1.071326933825902661e-01 2.057947213256942298e+00
1.378572141388600680e-01 2.008286893070360346e+00
1.540729070284389546e-01 1.915522474621621063e+00
1.282514964844729544e-01 2.011200779271933747e+00
1.470607116864391106e-01 2.025957717535932900e+00
1.425298136103596014e-01 1.745418670709857123e+00
1.547715638166084484e-01 2.062544392574925833e+00
1.520155841839092581e-01 2.242438883216022916e+00
1.412034882113768763e-01 1.733009882120294609e+00
1.317530668423335383e-01 2.093652850116698882e+00
1.716744930642834233e-01 1.989761845510173099e+00
1.030115142435034797e-01 1.828404764991558906e+00
1.460497880381051994e-01 1.796537086332153921e+00
1.108056960119726264e-01 1.940590454927189512e+00
1.326918961185203916e-01 1.892921153129780265e+00
1.529321356488271832e-01 1.682903460645320370e+00
1.427603091001225788e-01 1.879109455007639484e+00
1.271047374664251162e-01 1.402273340070465002e+00
1.348416385142424956e-01 1.477714250717019340e+00
1.196991572704417389e-01 1.535220987494679390e+00
1.309546044161117861e-01 1.328229528160599582e+00
1.181601849106072161e-01 1.505884175181388507e+00
1.254793919404343094e-01 1.230697118105950505e+00
8.168053007995447479e-02 1.742107439129458868e+00
8.239815660572527567e-02 1.528301707553011424e+00
7.398715178414458360e-02 1.558043276645902475e+00
4.236113832426675885e-02 1.987129892993473312e+00
4.836802188099262323e-02 2.305007093073533131e+00
6.732566453172880716e-02 2.049145689520265101e+00
7.549625155728677262e-02 2.193941134509912683e+00
9.497138802247681588e-02 1.701337143986660694e+00
9.098802779664408313e-02 1.623245584577730272e+00
7.657602792313221440e-02 2.638146773995894812e+00
9.241571601930752278e-02 2.347437933123563969e+00
6.984021978176523093e-02 2.665625975564619665e+00
1.244896782025162602e-01 2.625716183319355856e+00
1.283480071024774294e-01 2.682176825809374332e+00
7.293249461851254722e-02 3.231498382292192773e+00
7.166352515882826180e-02 2.851868157831543904e+00
8.196421065021600172e-02 2.634969665461608823e+00
9.152244524247776791e-02 2.627957575614794816e+00
1.103693209069570441e-01 2.030646507438409909e+00
1.105124652288270032e-01 2.829387618192101606e+00
9.422100126565893796e-02 3.236002239544056636e+00
7.793218375164347178e-02 2.851088102722930007e+00
1.104500388252636911e-01 2.243721163056455303e+00
9.708116030854474499e-02 3.056138474045754005e+00
1.200682643049837545e-01 1.354781142625896662e+00
8.850131922034568110e-02 2.350629418181461983e+00
4.207569092089148699e-02 2.689100666353463343e+00
8.363808588078423811e-02 1.810839454327297648e+00
4.845024027814914813e-02 1.893118263206311713e+00
6.220706454535816776e-02 1.885482395402454880e+00
5.207007151291637159e-02 2.486995934984723711e+00
6.450864828520230798e-02 2.265818489190265073e+00
5.051826701085245647e-02 2.517395681172437616e+00
5.825898884219205681e-02 2.697049937654640406e+00
4.693561553693176291e-02 2.247505922319967375e+00
3.865217504905186369e-02 2.334131911099702972e+00
6.742432935870118493e-02 2.687308254400516461e+00
6.931055693156648601e-02 2.562411135939573370e+00
7.706364500626630698e-02 2.916878470685843716e+00
7.603545867883836074e-02 2.180234253912765929e+00
1.266612243805961824e-01 1.943839867587729309e+00
1.800465465725179515e-01 3.163732373340257809e+00
1.809058657590537078e-02 1.965935706352587298e+00
4.358052398414971607e-02 1.833240104780993196e+00
8.590786849456753804e-02 1.584675753375136775e+00
5.005308901101759161e-02 2.205049993538251041e+00
8.263086069665462330e-02 2.752297010475203365e+00
7.150336113012586980e-02 3.555984137197824246e+00
1.191748753470839028e-01 2.845128591216445457e+00
1.141036492131926455e-01 3.157334520618673590e+00
6.569139400558442199e-02 1.860689518481146942e+00
8.299731686457900715e-02 3.572612332098655585e+00
1.052237867735068971e-01 3.740686994382640851e+00
1.412513897539303953e-01 3.845592393857668601e+00
1.330299004350883052e-01 3.458031011718350367e+00
1.196387304218857889e-01 2.586354392157827586e+00
1.022020709121871790e-01 3.141183669812172674e+00
1.161967267743071325e-01 3.358408924530483119e+00
9.286235674052870093e-02 2.420826735311884637e+00
1.417370545445897356e-01 2.214800320433179870e+00
1.116838363672682383e-01 1.431530619670196236e+00
1.274794831252069327e-01 1.410360211383274054e+00
1.632819176577465503e-01 2.502153171566075862e+00
5.711598061421495343e-02 1.142817710243612117e+00
1.464889609894871603e-01 1.217478394801406294e+00
1.131609027827631259e-01 1.396765514707929201e+00
5.240738938766563437e-02 1.413553228144342588e+00
9.377904717055346451e-02 1.209151328205482434e+00
6.327328037652733828e-02 1.496450368342099546e+00
6.978504333444358887e-02 1.355037617224883917e+00
8.921661186775405039e-02 1.309784628090172820e+00
9.854529975046813495e-02 1.561131742858144822e+00
9.824029340270253041e-02 1.063976676196038085e+00
1.101342045152168270e-01 9.741391557099237097e-01
1.084142210201312490e-01 1.205647074270852492e+00
1.612257224777364772e-01 1.620857777346460527e+00
1.914892130879138343e-01 1.562286842137585285e+00
7.412978229468118740e-02 1.114295554582678927e+00
9.932670013544996068e-02 1.093651191332190686e+00
1.840913001895814194e-01 1.398305369943075194e+00
1.099785555236307139e-01 1.649287070953950662e+00
1.248309448756955153e-01 1.111677506605913246e+00
1.548184716632935998e-01 9.625163067429469699e-01
1.259709281350718524e-01 1.381184907413043117e+00
8.598834897173084080e-02 7.442061533368421467e-01
1.041019557331666762e-01 1.019479572928384536e+00
8.522753939127281075e-02 8.513847318131929631e-01
9.875101341542194544e-02 9.104520953076151724e-01
7.421493462921126272e-02 5.659949722482893186e-01
1.243800024636897428e-01 1.469785448443946763e+00
1.739280961933533098e-01 1.543045973165994678e+00
8.659307582199925191e-02 1.532694464452237559e+00
1.220850339490865688e-01 1.501540196173801078e+00
2.462412137957731284e-01 1.757814792396147574e+00
2.335541271552664666e-01 1.724766867275170812e+00
2.483227549650044719e-01 1.867737479731147454e+00
1.494240065807381501e-01 1.163567859368749957e+00
1.891665857753030699e-01 1.789544765073014965e+00
2.124642425506780563e-01 2.099594022794597059e+00
1.485389320826336068e-01 1.463876282210882840e+00
2.060849627313191268e-01 1.371803889978854052e+00
2.221459260145826897e-01 1.535752206476196813e+00
2.084772309467463614e-01 1.350251740215296037e+00
2.234574372597532832e-01 1.498397689775501807e+00
2.038628398554814258e-01 1.898063368607318502e+00
1.775191696010242626e-01 1.164766625385162291e+00
2.078774079770418781e-01 1.432044965754915244e+00
1.492091686537569406e-01 9.446250024214940533e-01
1.822787703910272450e-01 1.383844998503671597e+00
1.741087344667696934e-01 2.387097458292152474e+00
1.982206936155349875e-01 2.722588458742768669e+00
1.674932067228676880e-01 7.816802830691552684e-01
1.747025613784669029e-01 1.414429398176257457e+00
2.671848931079078837e-01 1.925001098010618694e+00
1.385761845285500282e-01 8.445210616676364079e-01
1.375220096294614835e-01 1.216533492487730461e+00
3.092563407048130597e-01 2.019937182899377959e+00
2.259109472721556044e-01 2.423834540248890779e+00
1.331950080174241491e-01 1.508916080739687304e+00
2.888576947677092832e-01 2.691829617559785337e+00
2.002228430593347985e-01 2.314819529237349904e+00
1.995780084482640382e-01 2.249832086437405732e+00
2.120433895150325987e-01 1.987730493526544295e+00
1.107661383236457492e-01 1.266057128953886224e+00
1.684249011897138992e-01 1.208401908487356513e+00
1.785348283711355177e-01 1.602138143033061457e+00
1.739250107092862319e-01 2.192030651164388555e+00
1.364646118485559334e-01 1.570336724266597761e+00
1.059186129824818134e-01 1.258420854487024565e+00
1.370312024670984341e-01 1.430144194640348143e+00
1.601851665689977555e-01 9.630219476801391565e-01
7.204839381885591587e-02 7.793979471584836505e-01
1.014280034689557936e-01 6.600097410390329822e-01
1.573805638648664573e-01 1.271565278833775903e+00
1.424262024262011872e-01 5.506204332670319168e-01
1.360964128782093385e-01 1.134978611751047861e+00
1.460992522358981749e-01 2.282566044741656253e-01
1.099961374577834716e-01 9.785325612638010595e-01
1.176216834701103164e-01 7.216398364301700452e-01
1.085991673180108225e-01 7.954683845820548216e-01
1.357276993947336419e-01 2.472682134229702844e-01
7.270515002232386115e-02 5.948400018606050388e-01
1.265168098367134286e-01 6.503623160101456024e-01
6.012926265018107147e-02 3.247520165035814310e-01
7.778189476660754553e-02 1.213634140692246288e-01
7.169421468092454508e-02 4.378281318565407920e-01
7.238505838621853150e-02 5.479148060378435936e-01
7.872279839578337490e-02 3.343828066974601776e-01
1.316285164745846226e-01 2.822533396052639421e-01
2.698762593546141092e-02 1.207053255880089493e+00
5.645259376136331844e-03 8.924512854966595299e-01
3.414060202390727106e-02 9.667297960237936083e-01
4.611175729836734793e-02 6.510296348985309400e-01
6.390462083658779435e-02 4.741357070271820517e-01
1.388224979123213187e-01 2.369171802486601253e-01
1.066574842946473312e-01 3.170261225772323943e-01
8.545939804221990010e-02 4.591142725006283065e-01
1.075329046237173680e-01 5.390941152236149447e-01
8.262269155134099874e-02 2.376729626418398744e-01
2.585177856892607873e-02 5.477144070346511295e-01
4.810397201196086464e-02 6.126006588305614731e-01
2.949371640825699040e-02 5.910961413745947635e-01
2.301698273769364408e-02 6.130666975035538035e-01
2.928735015641448919e-02 5.421605961568252141e-01
2.573793010634798858e-02 1.957884184141991113e-01
6.344183911316834956e-02 3.175406054327886696e-01
5.000224672094893269e-02 3.983573750832071214e-01
4.126099323049261386e-02 3.958766183783072323e-01
1.018085376457365382e-01 2.778838767386392905e-01
6.412003006244382242e-02 4.803860969123759928e-01
9.229635290231966160e-02 4.334645090669901335e-01
7.733047160110674556e-02 3.877295591652762941e-01
9.919077068116143037e-02 3.481735483685682864e-01
1.140265631197962121e-01 4.716924467460347770e-01
8.964941043931085041e-02 6.601617126600365371e-01
9.453338376769779283e-02 2.318723190735185180e-01
1.119349299294754019e-01 3.046289880528804117e-01
1.753699544417914313e-01 9.498673272670107304e-01
1.763564943924654238e-01 8.793623731508531938e-01
1.861055638588800520e-01 1.071874889276396070e+00
1.536669393938250305e-01 4.823500250280415291e-01
1.260620562865909788e-01 4.450283270121713763e-01
1.735324230398174183e-01 3.762373024889916762e-01
1.814316411320060496e-01 6.513978420456537632e-01
2.124750914012761838e-01 7.927110323293637961e-01
1.821676867618378659e-01 1.054134079391618073e+00
2.440815886425205250e-01 1.208351837396529849e+00
2.893975497103760119e-01 1.691110277569028764e+00
2.439656127664854846e-01 1.456276542606106394e+00
2.263256636606993111e-01 1.166503262608164171e+00
1.014475304210648021e-01 5.811298042642001338e-01
1.560364088321224973e-01 1.797289281669827155e+00
1.511475626788831295e-01 1.145927969918986378e+00
1.373482906060594366e-01 1.194077232695748281e+00
1.447371292975674073e-01 8.088656234926384636e-01
1.361692886030259064e-01 8.188400502084400845e-01
1.484696779235452069e-01 1.124775698498948762e+00
1.491425776852685070e-01 1.323706496756402284e+00
1.211480803833757669e-01 8.522684518625437411e-01
1.703386132179836865e-01 2.110199516404912323e+00
1.674216235940024777e-01 1.154271988733724941e+00
1.634736992546914625e-01 1.553274555151381353e+00
1.494984866092194664e-01 2.566518212493538620e+00
1.550575858688730269e-01 1.112322437853751067e+00
1.718903354731779187e-01 9.395661695550592274e-01
1.989388003876704225e-01 1.541153352198394666e+00
1.826524750369449834e-01 9.969944513660783381e-01
8.176584304301648398e-02 8.042193173937054462e-01
2.008446772626372723e-01 7.229700185185266026e-01
1.980207439551140425e-01 4.697986628447963775e-01
1.900101531130390931e-01 8.166176911764865265e-01
2.004312199899298264e-01 8.058000243920999672e-01
1.861442777811121996e-01 1.073465601998511376e+00
2.542190810056408901e-01 5.449833664676922984e-01
2.868498152129154155e-01 7.086395265204359362e-01
2.874192387347003774e-01 1.834673810286038709e+00
2.682379766217080630e-01 1.638130589579362972e+00
2.850498806961567211e-01 5.442780486202059009e-01
2.484771025863060645e-01 1.668362401515976368e+00
2.592514936535859071e-01 8.266237500008004613e-01
2.924371356942632727e-01 1.206674457376351040e+00
2.734293111982816216e-01 1.364938104877950975e+00
2.145825815128426794e-01 1.237888050585093103e+00
1.514661944830723028e-01 5.989144016527037095e-01
1.842676659547604623e-01 7.887623303068260761e-01
3.321545208196579613e-01 2.995511172203929373e+00
3.332295252530539931e-01 2.686940963353787737e+00
4.028755324578973673e-01 1.743231822131813935e+00
3.872870481209089721e-01 2.907323930135434331e+00
3.789653231756562879e-01 2.253709650881606574e+00
3.436509897486765830e-01 1.817456233099260521e+00
3.821405662387474256e-01 3.672239131876612550e+00
2.904042016137566296e-01 4.207171463112130638e+00
2.990037348567774478e-01 2.136633621347110878e+00
2.704949557878810751e-01 3.543388487257852937e+00
2.549212932505874329e-01 2.506915774115151763e+00
1.993623467146704020e-01 2.350340907998770046e+00
1.197042267119550474e-01 2.537319871939496707e+00
2.174642029121270359e-01 1.787119731483729490e+00
2.164839410750707960e-01 1.896650568145172411e+00
1.862006711254421409e-01 3.419534170550046159e+00
2.254024483173594773e-01 3.740954591308086830e+00
1.832756231243113099e-01 2.940469139846541680e+00
2.245340909567335730e-01 3.329581609946681287e+00
2.552251488858899298e-01 2.354645880357884913e+00
2.388114143906451547e-01 2.909341349404296562e+00
2.718690704982396622e-01 2.075261464510117726e+00
2.257985015897620851e-01 1.951002796314391885e+00
2.220872906928872403e-01 1.961692047514267845e+00
2.542302679781932029e-01 1.305644458173475186e+00
2.445369541188291140e-01 2.050191938851326778e+00
1.662838418328636270e-01 6.962742440336614491e-01
1.954938070454961818e-01 1.568363317689517755e+00
1.825775096545396159e-01 1.193783685013080964e+00
1.613709348083650630e-01 1.404606760737145299e+00
8.676027102865956075e-02 1.362592273336600934e+00
9.312158339626677717e-02 2.000604408198281892e+00
8.235776771593726620e-02 2.013310338328408555e+00
1.032691423354072241e-01 1.093882086509496698e+00
5.433802334494216429e-02 1.718529043694879688e+00
1.086427337828071160e-01 1.184994641856463859e+00
3.658733882755739464e-02 1.181427267655035473e+00
3.089206978491432914e-02 1.374798161306208577e+00
5.460478471313376381e-02 9.577508536920473770e-01
8.326254691001912234e-02 9.160706962441156342e-01
5.831351271228221722e-02 8.168183572977663065e-01
9.326606900006044476e-02 5.948017180470185350e-01
8.076324557053146669e-02 8.759038717654811235e-01
1.130444695832049373e-01 1.252964495647618026e+00
8.557224108810686236e-02 1.237325268959537983e+00
1.105152077033734748e-01 1.592235392867634491e+00
1.157246653225457306e-01 6.599730112289086126e-01
8.272261523253146565e-02 2.630356802273139394e-01
5.154748757885274646e-02 7.569790477144351382e-01
8.047363974746662985e-02 1.414483143462571091e+00
8.756535844227292253e-02 7.660020603933942462e-01
5.041355797695230845e-02 8.101841582668002362e-01
5.341995419074515444e-02 7.032532536854165794e-01
5.568319441613035770e-02 3.063837559934753929e-01
3.487089510977579854e-02 6.585959221236334926e-01
3.000503929231688321e-02 3.805115022749743225e-01
3.792450675556330308e-02 2.056328161108853525e-01
1.848707929696335323e-02 2.070144045786556086e-01
2.753914099701353438e-02 3.167947855141602376e-01
3.470411394730617272e-02 4.015950072332730714e-01
3.153529223822443273e-02 1.094381374511444321e-01
3.732757237427223457e-02 2.336543119780738476e-01
4.025863476132545554e-02 2.506210510260817870e-01
3.284533346200534110e-02 2.528366720166510540e-01
2.121895259646347509e-02 2.281430785576596398e-01
1.955180179524298664e-02 8.606799607543086372e-02
3.885564005916478103e-02 9.995127743272164134e-02
3.869111544893687193e-02 2.517328047100425015e-01
3.479039891604086832e-02 2.832145594685303025e-01
1.027961874647963375e-01 2.312916801952473456e-01
3.180066260354418722e-02 1.561978025076950494e-01
4.091711703130054834e-02 2.695444070839863593e-01
7.476650655610646290e-02 3.289261949136969010e-01
2.795433450685228319e-02 2.911774270715850599e-01
6.720063650367553987e-02 4.368967170152754376e-01
6.606581574002311219e-02 3.074533768268109535e-01
7.904649106806824199e-02 3.045127806395597769e-01
1.063090419724298102e-01 3.726225113871327599e-01
